page,1,0,0
357,828,100
730,855,100
1125,858,100
844,861,100
220,521,100
208,843,100
322,380,100
940,328,100
570,849,100
1620,542,100
255,725,100
1339,851,100
1486,362,100
439,338,100
1010,860,100
1574,728,100
1239,855,100
215,627,100
463,860,100
748,331,100
585,326,100
1381,329,100
1455,820,100
1576,452,100
1084,324,95
1259,329,95
1630,642,90
112,873,90
843,298,65
288,904,60
844,367,60
227,418,60
1169,369,55
1173,282,55
925,801,50
648,913,45
1558,828,45
653,790,40
65,793,40
927,920,40
664,392,40
670,268,40
384,925,40
1017,392,35
343,928,35
506,263,35
128,779,30
130,572,30
315,480,30
354,283,30
356,728,30
1012,258,30
1586,352,30
517,402,25
1539,634,25
1415,917,25
1071,773,25
174,939,25
52,941,25
437,762,25
1545,609,25
233,944,20
200,943,20
1312,250,20
1179,772,20
530,943,20
509,768,20
153,711,20
1459,263,20
794,773,20
1680,459,20
1709,592,20
607,942,20
1467,720,20
167,436,20
122,541,20
965,770,20
1184,939,20
98,770,20
375,261,20
1129,409,15
1379,753,15
804,416,15
1068,943,15
785,944,15
114,602,15
223,357,15
884,245,15
115,620,15
1477,467,15
139,693,15
803,246,15
401,738,15
463,757,15
475,242,15
1606,823,15
688,764,15
1287,943,15
1674,727,15
1046,413,15
410,434,15
386,730,15
1285,764,15
885,766,15
1218,243,15
418,950,15
887,413,15
550,947,15
488,762,15
630,418,15
396,247,15
314,642,15
1541,874,15
1207,410,15
317,279,15
1046,765,15
417,745,15
814,765,15
1313,408,15
585,948,15
303,577,15
36,822,15
1578,321,15
120,520,15
1480,262,15
1675,437,15
1134,243,15
1158,761,10
1442,247,10
841,761,10
457,237,10
892,951,10
1332,241,10
993,760,10
852,760,10
155,732,10
323,509,10
1717,568,10
414,241,10
121,505,10
640,238,10
434,237,10
687,948,10
1409,430,10
32,925,10
1110,759,10
799,951,10
1364,754,10
1686,715,10
505,952,10
1062,417,10
773,764,10
1457,458,10
625,761,10
788,238,10
1697,477,10
988,239,10
230,339,10
1288,238,10
158,751,10
498,419,10
867,761,10
1715,612,10
147,452,10
1616,360,10
1096,759,10
1515,647,10
770,947,10
447,238,10
113,640,10
1113,415,10
1015,760,10
1520,536,10
347,480,10
352,696,10
533,240,10
699,420,10
1386,942,10
1197,762,10
954,950,10
615,759,10
32,766,10
898,237,10
124,491,10
152,955,10
1148,760,10
1396,935,10
1040,239,10
316,627,10
1625,816,10
132,473,10
309,592,10
538,416,10
1205,950,10
1673,743,10
1451,920,10
698,238,10
127,677,10
570,951,10
1162,951,10
1027,761,10
983,761,10
1083,949,10
829,760,10
1266,758,10
424,238,10
614,422,10
251,953,10
988,416,10
708,238,10
1476,701,10
816,237,10
1440,922,10
1304,945,10
73,955,10
398,445,10
629,236,10
302,282,10
1302,758,10
433,956,10
320,955,10
325,653,10
1327,414,10
1003,760,10
1055,951,10
819,422,10
870,238,10
966,950,10
27,842,5
1531,887,5
676,950,5
590,426,5
1072,419,5
1477,484,5
1641,806,5
1232,236,5
1212,755,5
1425,442,5
202,363,5
550,232,5
147,440,5
702,756,5
516,958,5
29,961,5
1265,953,5
1266,233,5
907,955,5
1433,239,5
313,565,5
1520,897,5
1204,234,5
492,957,5
856,234,5
1339,750,5
215,959,5
426,438,5
1708,493,5
1393,741,5
1609,838,5
1566,298,5
1199,233,5
882,957,5
600,426,5
904,755,5
902,952,5
234,329,5
1224,955,5
1343,422,5
387,456,5
551,424,5
1480,691,5
443,960,5
951,755,5
1257,753,5
1097,955,5
1444,453,5
1229,755,5
1419,439,5
121,662,5
1704,487,5
627,955,5
976,233,5
137,463,5
1240,233,5
760,757,5
1122,233,5
1138,755,5
523,232,5
1717,514,5
1228,419,5
1315,753,5
527,756,5
1127,756,5
1713,504,5
871,422,5
453,960,5
701,952,5
27,809,5
1050,234,5
1602,841,5
1254,234,5
83,959,5
1344,236,5
141,959,5
343,491,5
1496,259,5
1630,364,5
150,758,5
1044,956,5
317,602,5
1222,417,5
1697,703,5
1636,810,5
1719,622,5
1351,750,5
1559,874,5
339,666,5
1235,421,5
1330,750,5
1704,694,5
1300,418,5
1031,234,5
1220,756,5
1141,419,5
666,956,5
1101,419,5
1676,422,5
1528,588,5
28,956,5
206,359,5
545,234,5
1426,237,5
27,775,5
1151,955,5
1720,643,5
311,960,5
788,425,5
536,753,5
1416,235,5
314,607,5
850,233,5
26,836,5
1239,753,5
1444,720,5
1084,421,5
166,411,5
322,521,5
1719,627,5
719,235,5
458,961,5
1095,420,5
897,756,5
1503,263,5
368,469,5
750,756,5
1433,447,5
1524,893,5
1455,243,5
1632,369,5
1529,892,5
344,677,5
1168,755,5
30,914,5
489,429,5
315,616,5
828,233,5
671,952,5
1398,429,5
739,755,5
28,909,5
358,960,5
104,587,5
1482,487,5
1294,418,5
116,655,5
709,424,5
1245,234,5
637,753,5
1720,636,5
1720,528,5
1316,950,5
151,742,5
672,754,5
1194,418,5
567,425,5
783,756,5
998,422,5
1218,421,5
903,422,5
1274,951,5
1216,954,5
1234,754,5
1102,956,5
866,423,5
1260,232,5
1259,953,5
583,426,5
1089,420,5
474,960,5
1229,955,5
1671,753,5
1207,759,5
1462,468,5
1720,538,5
1322,752,5
978,955,5
1349,234,5
406,961,5
1721,558,5
758,952,5
778,427,5
346,682,5
1719,520,5
1077,420,5
1526,583,5
621,957,5
357,478,5
876,424,5
488,232,5
26,782,5
557,424,5
1667,410,5
803,754,5
88,961,5
1323,233,5
841,233,5
772,233,5
602,754,5
1121,756,5
829,426,5
381,461,5
485,959,5
1463,920,5
115,650,5
811,956,5
1116,233,5
833,232,5
1248,754,5
28,950,5
548,419,5
1277,232,5
1439,451,5
1321,950,5
340,672,5
121,667,5
1388,429,5
1146,233,5
1724,576,5
1720,648,5
1707,689,5
1570,305,5
1699,466,5
1721,552,5
1644,801,5
632,956,5
1373,946,5
576,426,5
970,232,5
38,962,5
646,428,5
696,953,5
260,958,5
724,233,5
497,959,5
721,755,5
1670,417,5
690,426,5
777,235,5
942,753,5
1526,577,5
908,423,5
1367,948,5
136,458,5
1405,940,5
1146,420,5
562,958,5
1132,755,5
731,232,5
765,757,5
26,804,5
911,232,5
220,960,5
914,425,5
350,686,5
477,750,5
467,961,5
1362,949,5
1720,545,5
144,729,5
710,757,5
1337,419,5
123,480,5
1092,956,5
1621,826,5
327,267,5
292,283,5
1346,751,5
483,428,5
431,438,5
382,241,5
448,961,5
1298,234,5
362,472,5
25,797,5
979,422,5
716,426,5
755,756,5
715,755,5
1695,708,5
1715,509,5
334,661,5
392,454,5
614,230,5
163,416,5
733,755,5
744,755,5
619,231,5
1512,529,5
145,754,5
1711,682,5
877,956,5
508,426,5
363,960,5
996,232,5
783,427,5
1514,637,5
649,231,5
25,791,5
562,424,5
27,935,5
875,754,5
479,959,5
220,341,5
1057,752,3
1713,677,3
116,661,3
867,959,3
1249,956,3
1439,719,3
406,234,3
657,230,3
753,231,3
1400,735,3
1669,763,3
41,760,3
1661,399,3
525,751,3
835,428,3
1428,448,3
1346,951,3
1123,958,3
1660,780,3
650,958,3
320,615,3
1713,497,3
1683,740,3
1287,421,3
319,609,3
494,429,3
1536,890,3
1355,950,3
1271,233,3
1446,458,3
131,463,3
922,427,3
1031,425,3
320,526,3
1725,631,3
1329,951,3
747,954,3
1252,955,3
806,231,3
26,901,3
1062,231,3
751,953,3
529,751,3
208,352,3
1365,744,3
859,960,3
1114,958,3
1724,607,3
496,749,3
1449,239,3
499,749,3
1404,231,3
1483,492,3
845,427,3
1303,231,3
95,962,3
1059,232,3
189,961,3
1461,243,3
1355,232,3
328,962,3
1616,349,3
1032,958,3
1435,722,3
1351,425,3
1576,304,3
676,955,3
1421,236,3
378,466,3
654,231,3
381,711,3
1549,284,3
130,963,3
666,752,3
1153,422,3
1410,942,3
1414,440,3
1056,233,3
366,699,3
1276,751,3
1463,473,3
1718,662,3
120,963,3
320,529,3
1087,753,3
1239,955,3
799,231,3
352,962,3
104,634,3
706,954,3
1523,570,3
1339,951,3
541,230,3
1122,423,3
595,752,3
1520,550,3
685,427,3
497,429,3
275,291,3
340,497,3
1626,358,3
194,367,3
197,364,3
849,427,3
146,737,3
1172,957,3
970,425,3
1553,287,3
1724,627,3
303,272,3
527,425,3
1710,498,3
25,941,3
193,962,3
1514,630,3
1243,956,3
1107,958,3
465,229,3
659,958,3
1690,441,3
840,427,3
1505,653,3
1101,230,3
1408,232,3
332,962,3
966,426,3
513,427,3
333,507,3
1483,684,3
745,230,3
1503,908,3
1072,958,3
24,854,3
772,429,3
362,478,3
1438,237,3
238,324,3
1136,958,3
1657,393,3
314,559,3
872,958,3
607,752,3
1270,955,3
1722,533,3
1396,946,3
1398,434,3
795,753,3
1524,593,3
375,468,3
1515,265,3
1691,725,3
653,958,3
1681,423,3
1666,405,3
1594,322,3
1509,905,3
1141,958,3
637,958,3
105,554,3
901,957,3
331,263,3
1426,724,3
1601,847,3
546,751,3
1639,374,3
106,526,3
1635,815,3
1106,231,3
1333,952,3
124,963,3
794,429,3
1696,713,3
125,687,3
108,963,3
852,427,3
478,431,3
111,753,3
607,228,3
682,428,3
791,958,3
767,232,3
284,287,3
533,425,3
1561,293,3
741,231,3
1393,430,3
790,753,3
145,734,3
988,959,3
1579,306,3
1063,958,3
184,962,3
515,229,3
355,252,3
534,230,3
1475,918,3
818,958,3
1474,248,3
24,850,3
271,293,3
965,230,3
1556,290,3
857,426,3
1598,849,3
1084,751,3
895,426,3
878,231,3
1411,232,3
1128,958,3
1206,754,3
1507,525,3
1338,231,3
985,957,3
1145,957,3
1710,488,3
1715,674,3
1726,581,3
596,960,3
1434,452,3
116,664,3
162,962,3
1511,263,3
727,754,3
1508,264,3
329,643,3
1175,957,3
945,957,3
541,753,3
644,958,3
1555,880,3
1186,753,3
316,551,3
1348,424,3
762,231,3
906,230,3
167,405,3
1189,421,3
1436,932,3
1229,424,3
1388,740,3
644,751,3
352,253,3
400,962,3
430,737,3
210,961,3
899,426,3
1152,231,3
133,708,3
641,430,3
1675,416,3
336,502,3
1520,612,3
1720,655,3
1294,751,3
974,423,3
1671,758,3
1191,753,3
518,230,3
437,438,3
1109,231,3
104,557,3
136,960,3
1700,459,3
1600,325,3
107,752,3
917,230,3
1233,231,3
1607,843,3
1597,324,3
1545,281,3
494,230,3
1468,920,3
1070,230,3
549,751,3
925,427,3
287,286,3
538,231,3
1194,231,3
1525,898,3
83,756,3
363,698,3
1203,753,3
1326,952,3
371,702,3
64,963,3
543,425,3
115,963,3
595,427,3
1403,734,3
1447,715,3
983,230,3
1513,903,3
778,754,3
1136,423,3
387,461,3
861,425,3
118,672,3
1077,958,3
1500,910,3
414,729,3
1689,728,3
1330,231,3
530,230,3
1385,739,3
263,299,3
1035,424,3
522,752,3
1659,396,3
656,750,3
1516,902,3
1719,659,3
1707,482,3
26,904,3
976,753,3
1336,952,3
538,426,3
631,752,3
266,960,3
768,429,3
1368,742,3
1185,422,3
802,231,3
1667,766,3
772,754,3
1520,615,3
1717,667,3
677,752,3
546,425,3
1103,751,3
1341,231,3
859,752,3
367,474,3
698,752,3
1026,231,3
243,318,3
281,288,3
474,432,3
1542,279,3
960,426,3
910,753,3
241,321,3
1356,746,3
1038,957,3
1381,429,3
383,714,3
1224,423,3
306,962,3
861,232,3
201,358,3
215,344,3
542,960,3
710,953,3
1234,955,3
1195,956,3
1036,753,3
105,530,3
555,230,3
26,945,3
25,758,3
1571,300,3
1066,958,3
688,232,3
912,958,3
1423,725,3
575,960,3
1401,944,3
721,428,3
885,230,3
98,963,3
110,651,3
348,490,3
319,612,3
142,443,3
169,402,3
1310,751,3
888,230,3
749,231,3
798,753,3
1377,950,3
1518,547,3
558,229,3
1702,700,3
397,963,3
115,496,3
1118,958,3
20,785,0
20,786,0
20,787,0
20,788,0
20,789,0
20,790,0
20,792,0
20,793,0
20,794,0
20,795,0
20,796,0
20,798,0
20,799,0
20,800,0
20,801,0
20,802,0
20,803,0
20,868,0
20,869,0
20,870,0
20,871,0
20,872,0
21,778,0
21,779,0
21,780,0
21,781,0
21,783,0
21,784,0
21,785,0
21,786,0
21,787,0
21,801,0
21,802,0
21,803,0
21,805,0
21,806,0
21,807,0
21,808,0
21,809,0
21,810,0
21,811,0
21,812,0
21,813,0
21,814,0
21,815,0
21,816,0
21,817,0
21,818,0
21,819,0
21,820,0
21,821,0
21,823,0
21,824,0
21,825,0
21,826,0
21,827,0
21,828,0
21,829,0
21,830,0
21,831,0
21,832,0
21,833,0
21,834,0
21,835,0
21,837,0
21,838,0
21,839,0
21,840,0
21,841,0
21,842,0
21,843,0
21,844,0
21,845,0
21,846,0
21,847,0
21,848,0
21,849,0
21,851,0
21,852,0
21,853,0
21,855,0
21,856,0
21,857,0
21,858,0
21,859,0
21,860,0
21,861,0
21,862,0
21,863,0
21,864,0
21,865,0
21,866,0
21,867,0
21,868,0
21,869,0
21,870,0
21,871,0
21,872,0
21,873,0
21,874,0
22,755,0
22,756,0
22,757,0
22,759,0
22,760,0
22,761,0
22,762,0
22,763,0
22,764,0
22,765,0
22,767,0
22,768,0
22,769,0
22,770,0
22,771,0
22,772,0
22,773,0
22,774,0
22,776,0
22,777,0
22,778,0
22,786,0
22,808,0
22,810,0
22,811,0
22,812,0
22,813,0
22,814,0
22,815,0
22,816,0
22,828,0
22,829,0
22,830,0
22,831,0
22,832,0
22,840,0
22,841,0
22,843,0
22,844,0
22,845,0
22,846,0
22,847,0
22,857,0
22,858,0
22,859,0
22,860,0
22,861,0
22,862,0
22,863,0
22,864,0
22,865,0
22,866,0
22,867,0
22,868,0
22,869,0
22,870,0
22,871,0
22,872,0
22,874,0
22,875,0
22,876,0
22,920,0
22,921,0
22,922,0
22,923,0
22,924,0
22,926,0
22,927,0
22,928,0
22,929,0
22,930,0
22,931,0
22,932,0
22,933,0
22,934,0
22,936,0
22,937,0
22,938,0
22,939,0
22,940,0
22,942,0
22,943,0
22,944,0
23,755,0
23,761,0
23,771,0
23,813,0
23,814,0
23,830,0
23,831,0
23,846,0
23,847,0
23,857,0
23,858,0
23,859,0
23,887,0
23,888,0
23,889,0
23,890,0
23,891,0
23,892,0
23,893,0
23,894,0
23,895,0
23,896,0
23,897,0
23,898,0
23,899,0
23,900,0
23,902,0
23,903,0
23,905,0
23,906,0
23,907,0
23,908,0
23,910,0
23,911,0
23,912,0
23,913,0
23,914,0
23,915,0
23,916,0
23,917,0
23,918,0
23,919,0
23,920,0
23,930,0
23,931,0
23,944,0
23,946,0
23,947,0
23,948,0
23,949,0
23,951,0
23,952,0
23,953,0
23,954,0
23,955,0
23,957,0
23,958,0
23,959,0
23,960,0
23,961,0
23,962,0
23,963,0
23,964,0
23,965,0
24,755,0
24,892,0
24,893,0
24,894,0
24,895,0
24,896,0
24,897,0
24,898,0
24,913,0
24,914,0
24,915,0
24,916,0
24,917,0
24,918,0
24,960,0
24,962,0
24,963,0
24,964,0
24,965,0
24,966,0
24,967,0
25,847,0
25,897,0
25,898,0
25,915,0
25,916,0
25,917,0
25,965,0
25,966,0
25,967,0
26,966,0
26,967,0
27,966,0
27,967,0
28,756,0
28,966,0
28,967,0
29,756,0
29,966,0
29,967,0
30,756,0
30,966,0
30,967,0
31,756,0
31,966,0
32,966,0
33,756,0
33,965,0
33,966,0
34,756,0
34,966,0
35,756,0
36,756,0
37,756,0
37,757,0
38,756,0
38,757,0
39,757,0
40,756,0
40,757,0
41,756,0
42,756,0
42,757,0
43,756,0
43,757,0
43,965,0
44,756,0
44,757,0
44,758,0
44,965,0
45,756,0
45,757,0
45,758,0
46,755,0
46,756,0
46,757,0
47,755,0
47,756,0
47,757,0
48,755,0
48,756,0
49,755,0
49,756,0
50,755,0
51,754,0
51,755,0
52,754,0
52,755,0
53,754,0
54,754,0
55,754,0
56,754,0
60,965,0
61,965,0
62,753,0
63,753,0
67,753,0
67,964,0
67,965,0
68,753,0
68,964,0
68,965,0
69,753,0
69,965,0
70,753,0
70,965,0
71,753,0
71,965,0
72,965,0
73,965,0
74,753,0
74,754,0
74,965,0
75,754,0
75,965,0
76,754,0
76,965,0
77,754,0
77,965,0
78,753,0
78,754,0
78,755,0
78,964,0
78,965,0
79,753,0
79,754,0
79,755,0
79,964,0
79,965,0
80,753,0
80,754,0
80,755,0
80,964,0
80,965,0
81,753,0
81,964,0
81,965,0
82,753,0
82,964,0
82,965,0
83,964,0
83,965,0
84,753,0
84,965,0
85,752,0
85,753,0
86,752,0
86,753,0
87,752,0
87,753,0
88,752,0
89,752,0
90,751,0
91,751,0
92,965,0
93,965,0
94,965,0
95,750,0
95,965,0
96,750,0
97,750,0
99,569,0
99,570,0
99,572,0
99,573,0
99,575,0
99,577,0
99,578,0
99,580,0
99,582,0
99,583,0
99,584,0
99,585,0
99,586,0
99,588,0
99,589,0
99,590,0
99,591,0
99,593,0
99,594,0
99,595,0
99,596,0
99,597,0
99,598,0
99,599,0
99,600,0
99,603,0
99,604,0
99,605,0
99,606,0
99,607,0
99,608,0
99,610,0
99,612,0
99,613,0
99,615,0
99,616,0
99,617,0
99,618,0
99,750,0
100,558,0
100,559,0
100,560,0
100,561,0
100,562,0
100,563,0
100,564,0
100,565,0
100,566,0
100,567,0
100,568,0
100,569,0
100,570,0
100,571,0
100,573,0
100,574,0
100,575,0
100,576,0
100,577,0
100,578,0
100,579,0
100,580,0
100,581,0
100,582,0
100,583,0
100,591,0
100,592,0
100,593,0
100,594,0
100,595,0
100,596,0
100,608,0
100,609,0
100,610,0
100,611,0
100,612,0
100,613,0
100,614,0
100,615,0
100,616,0
100,617,0
100,618,0
100,619,0
100,621,0
100,622,0
100,623,0
100,624,0
100,625,0
100,626,0
100,627,0
100,628,0
100,629,0
100,750,0
101,539,0
101,541,0
101,543,0
101,544,0
101,545,0
101,546,0
101,548,0
101,549,0
101,553,0
101,554,0
101,555,0
101,556,0
101,558,0
101,559,0
101,560,0
101,561,0
101,562,0
101,563,0
101,564,0
101,580,0
101,581,0
101,582,0
101,592,0
101,593,0
101,594,0
101,610,0
101,611,0
101,612,0
101,613,0
101,614,0
101,626,0
101,627,0
101,628,0
101,629,0
101,630,0
101,631,0
101,632,0
101,633,0
101,750,0
101,963,0
101,964,0
101,965,0
102,528,0
102,529,0
102,531,0
102,532,0
102,533,0
102,534,0
102,535,0
102,536,0
102,537,0
102,538,0
102,539,0
102,540,0
102,542,0
102,543,0
102,544,0
102,545,0
102,546,0
102,547,0
102,548,0
102,549,0
102,550,0
102,551,0
102,552,0
102,553,0
102,560,0
102,561,0
102,592,0
102,612,0
102,628,0
102,629,0
102,630,0
102,631,0
102,637,0
102,638,0
102,750,0
102,963,0
102,964,0
102,965,0
103,523,0
103,524,0
103,525,0
103,527,0
103,533,0
103,534,0
103,548,0
103,549,0
103,550,0
103,551,0
103,630,0
103,631,0
103,637,0
103,638,0
103,639,0
103,641,0
103,750,0
103,963,0
103,964,0
103,965,0
104,518,0
104,519,0
104,520,0
104,521,0
104,522,0
104,523,0
104,550,0
104,551,0
104,750,0
104,963,0
104,964,0
104,965,0
105,515,0
105,516,0
105,517,0
105,518,0
105,519,0
105,521,0
105,522,0
105,523,0
105,647,0
105,964,0
105,965,0
106,512,0
106,513,0
106,514,0
106,648,0
106,649,0
106,749,0
107,509,0
107,510,0
107,511,0
107,512,0
107,649,0
107,650,0
108,507,0
108,508,0
108,509,0
108,510,0
108,749,0
109,505,0
109,506,0
109,507,0
109,508,0
109,509,0
109,654,0
109,655,0
109,656,0
110,500,0
110,501,0
110,502,0
110,503,0
110,504,0
110,505,0
110,506,0
110,507,0
110,508,0
110,654,0
110,655,0
110,656,0
110,657,0
110,658,0
110,659,0
110,749,0
110,750,0
111,497,0
111,498,0
111,499,0
111,500,0
111,501,0
111,502,0
111,503,0
111,504,0
111,506,0
111,507,0
111,654,0
111,656,0
111,657,0
111,658,0
111,659,0
111,660,0
111,661,0
111,749,0
111,963,0
111,964,0
111,965,0
112,494,0
112,495,0
112,497,0
112,498,0
112,499,0
112,500,0
112,659,0
112,660,0
112,661,0
112,662,0
112,663,0
112,750,0
112,964,0
112,965,0
113,491,0
113,492,0
113,493,0
113,660,0
113,662,0
113,663,0
113,665,0
113,749,0
113,750,0
114,488,0
114,489,0
114,490,0
114,492,0
114,493,0
114,667,0
114,668,0
114,669,0
114,670,0
114,750,0
114,751,0
114,752,0
115,486,0
115,667,0
115,668,0
115,669,0
115,670,0
115,671,0
115,673,0
115,749,0
115,750,0
115,751,0
116,483,0
116,484,0
116,668,0
116,669,0
116,675,0
116,676,0
116,749,0
116,750,0
116,751,0
117,481,0
117,482,0
117,483,0
117,675,0
117,676,0
117,678,0
117,679,0
117,750,0
117,751,0
118,479,0
118,481,0
118,482,0
118,682,0
118,750,0
119,684,0
119,749,0
119,750,0
120,475,0
120,685,0
120,686,0
120,750,0
121,473,0
121,474,0
121,475,0
121,686,0
121,687,0
121,688,0
121,749,0
122,471,0
122,472,0
122,474,0
122,475,0
122,686,0
122,688,0
122,689,0
122,690,0
123,690,0
123,691,0
123,692,0
123,693,0
123,749,0
124,690,0
124,691,0
124,692,0
124,694,0
124,695,0
124,696,0
125,749,0
126,464,0
126,701,0
127,463,0
127,464,0
127,703,0
127,749,0
127,962,0
127,964,0
127,965,0
128,461,0
128,462,0
128,704,0
128,705,0
129,460,0
129,705,0
129,706,0
129,707,0
130,458,0
130,459,0
130,460,0
130,706,0
130,707,0
130,709,0
131,457,0
131,459,0
131,711,0
131,749,0
132,711,0
132,712,0
133,712,0
133,713,0
133,714,0
133,715,0
133,716,0
133,749,0
133,961,0
133,962,0
133,963,0
133,964,0
134,452,0
134,453,0
134,718,0
134,719,0
134,963,0
134,964,0
135,451,0
135,452,0
135,453,0
135,720,0
135,721,0
135,722,0
135,749,0
135,963,0
135,964,0
136,449,0
136,450,0
136,451,0
136,452,0
136,722,0
136,723,0
136,724,0
136,725,0
136,750,0
136,963,0
136,964,0
137,447,0
137,448,0
137,449,0
137,450,0
137,451,0
137,453,0
137,724,0
137,725,0
137,726,0
137,727,0
137,749,0
137,750,0
137,963,0
137,964,0
138,445,0
138,446,0
138,447,0
138,725,0
138,726,0
138,727,0
138,728,0
138,729,0
138,750,0
138,964,0
139,444,0
139,445,0
139,726,0
139,727,0
139,728,0
139,730,0
139,731,0
139,750,0
139,751,0
139,964,0
140,440,0
140,733,0
140,749,0
140,750,0
140,751,0
140,964,0
141,439,0
141,440,0
141,734,0
141,750,0
141,964,0
142,437,0
142,438,0
142,439,0
142,735,0
142,736,0
142,749,0
142,964,0
143,436,0
143,738,0
143,964,0
144,434,0
144,435,0
144,740,0
144,749,0
144,964,0
145,433,0
145,434,0
145,435,0
145,740,0
145,741,0
145,742,0
145,963,0
145,964,0
146,431,0
146,432,0
146,433,0
146,434,0
146,435,0
146,740,0
146,741,0
146,743,0
146,964,0
147,430,0
147,431,0
147,432,0
147,433,0
147,434,0
147,749,0
147,964,0
148,428,0
148,429,0
148,749,0
149,427,0
150,425,0
155,419,0
156,418,0
156,419,0
157,416,0
157,417,0
157,418,0
157,964,0
158,415,0
158,417,0
158,418,0
158,964,0
159,963,0
159,964,0
160,411,0
161,409,0
161,410,0
163,406,0
164,404,0
164,406,0
165,402,0
165,963,0
165,964,0
166,401,0
166,963,0
166,964,0
167,964,0
168,964,0
169,964,0
170,398,0
170,399,0
170,964,0
171,396,0
171,964,0
172,394,0
172,964,0
173,964,0
174,964,0
175,388,0
175,964,0
176,386,0
176,964,0
177,384,0
177,964,0
178,383,0
178,964,0
179,381,0
179,964,0
180,380,0
180,964,0
181,378,0
181,379,0
181,964,0
182,377,0
182,378,0
183,376,0
183,377,0
184,375,0
184,376,0
185,374,0
185,375,0
186,373,0
186,374,0
187,372,0
187,373,0
187,964,0
188,371,0
188,372,0
188,964,0
189,369,0
189,370,0
189,371,0
189,964,0
190,367,0
190,368,0
190,369,0
190,370,0
190,964,0
191,366,0
191,368,0
191,369,0
192,364,0
193,363,0
193,364,0
194,361,0
194,362,0
194,363,0
195,360,0
195,361,0
196,359,0
196,360,0
196,361,0
196,963,0
196,964,0
197,358,0
197,359,0
197,360,0
197,963,0
198,357,0
198,359,0
198,963,0
199,963,0
200,355,0
200,963,0
201,354,0
201,963,0
202,353,0
202,354,0
202,355,0
202,963,0
203,352,0
203,353,0
203,354,0
203,963,0
204,351,0
204,352,0
204,353,0
204,354,0
205,350,0
205,351,0
205,353,0
205,354,0
206,349,0
207,348,0
207,349,0
207,962,0
207,963,0
208,348,0
209,347,0
209,348,0
209,349,0
210,346,0
210,347,0
210,348,0
210,349,0
211,345,0
211,346,0
211,347,0
212,343,0
212,345,0
212,346,0
212,964,0
213,964,0
214,340,0
214,341,0
214,964,0
215,339,0
215,340,0
215,964,0
216,964,0
218,336,0
219,335,0
219,336,0
220,334,0
220,335,0
221,333,0
221,334,0
222,332,0
223,331,0
224,330,0
224,964,0
225,329,0
225,330,0
225,963,0
225,964,0
226,328,0
226,329,0
226,963,0
226,964,0
227,327,0
227,328,0
227,329,0
227,964,0
228,327,0
228,328,0
228,329,0
228,964,0
229,326,0
229,327,0
229,328,0
229,964,0
230,325,0
230,964,0
231,964,0
232,324,0
232,964,0
233,323,0
233,324,0
233,964,0
234,323,0
234,964,0
235,322,0
235,323,0
235,964,0
236,964,0
237,321,0
237,964,0
238,320,0
238,964,0
240,317,0
240,963,0
241,963,0
242,962,0
242,963,0
243,962,0
243,963,0
244,314,0
244,315,0
244,961,0
244,962,0
245,313,0
245,314,0
245,315,0
245,962,0
246,312,0
246,313,0
246,314,0
246,315,0
246,962,0
247,311,0
247,312,0
247,313,0
248,310,0
248,311,0
248,312,0
249,309,0
249,310,0
249,311,0
250,308,0
250,309,0
250,310,0
251,307,0
251,308,0
251,309,0
252,306,0
252,307,0
252,308,0
253,305,0
253,306,0
253,307,0
254,304,0
254,305,0
254,306,0
255,303,0
255,304,0
255,305,0
256,302,0
256,303,0
256,304,0
256,962,0
257,301,0
257,302,0
257,303,0
257,304,0
258,300,0
258,301,0
258,302,0
258,303,0
259,299,0
259,300,0
259,301,0
259,302,0
260,298,0
260,300,0
260,301,0
262,296,0
263,295,0
264,295,0
264,296,0
265,294,0
265,295,0
265,296,0
266,293,0
266,294,0
266,295,0
266,296,0
266,297,0
266,963,0
267,293,0
267,294,0
267,295,0
267,296,0
267,963,0
268,292,0
268,294,0
268,295,0
268,963,0
269,961,0
269,962,0
269,963,0
270,962,0
270,963,0
271,962,0
271,963,0
272,290,0
272,962,0
272,963,0
273,963,0
274,963,0
275,963,0
276,288,0
276,963,0
277,287,0
277,288,0
277,963,0
278,287,0
278,289,0
278,290,0
283,284,0
285,283,0
286,282,0
286,283,0
287,281,0
287,282,0
290,278,0
291,277,0
291,278,0
292,276,0
292,277,0
293,276,0
293,277,0
294,275,0
295,274,0
297,273,0
297,964,0
298,272,0
298,964,0
299,272,0
299,963,0
299,964,0
300,271,0
300,963,0
300,964,0
301,963,0
301,964,0
302,963,0
302,964,0
303,963,0
303,964,0
304,269,0
305,268,0
305,269,0
306,268,0
307,267,0
309,266,0
315,264,0
315,554,0
315,555,0
315,556,0
315,964,0
316,264,0
316,554,0
316,555,0
316,556,0
317,546,0
317,547,0
317,548,0
317,554,0
317,555,0
317,556,0
317,557,0
317,558,0
317,559,0
317,560,0
317,561,0
317,569,0
317,570,0
317,571,0
317,583,0
317,584,0
317,585,0
318,263,0
318,264,0
318,541,0
318,542,0
318,543,0
318,544,0
318,545,0
318,546,0
318,547,0
318,548,0
318,554,0
318,555,0
318,556,0
318,563,0
318,566,0
318,579,0
318,580,0
318,581,0
318,582,0
318,583,0
318,584,0
318,585,0
318,586,0
318,587,0
318,597,0
319,263,0
319,264,0
319,536,0
319,537,0
319,538,0
319,539,0
319,540,0
319,541,0
319,542,0
319,543,0
319,544,0
319,545,0
319,590,0
319,591,0
319,592,0
319,593,0
319,594,0
319,595,0
319,596,0
319,597,0
320,263,0
320,264,0
320,532,0
320,533,0
320,534,0
320,535,0
320,536,0
320,537,0
320,538,0
320,539,0
320,540,0
320,595,0
320,596,0
320,597,0
321,263,0
321,264,0
321,532,0
321,533,0
321,534,0
321,535,0
321,536,0
321,537,0
321,606,0
321,618,0
322,263,0
322,264,0
322,532,0
322,533,0
322,534,0
322,610,0
322,611,0
322,612,0
322,618,0
323,262,0
323,263,0
323,526,0
323,527,0
323,528,0
323,529,0
323,530,0
323,531,0
323,615,0
323,616,0
323,617,0
323,618,0
323,619,0
324,262,0
324,526,0
324,527,0
324,528,0
324,529,0
324,618,0
324,619,0
324,620,0
325,262,0
325,526,0
325,527,0
325,621,0
325,622,0
325,964,0
326,262,0
326,525,0
326,624,0
326,625,0
326,626,0
326,627,0
326,628,0
326,629,0
326,630,0
326,631,0
326,632,0
327,261,0
327,519,0
327,520,0
327,521,0
327,522,0
327,523,0
327,629,0
327,630,0
327,631,0
327,632,0
327,633,0
327,634,0
328,260,0
328,261,0
328,262,0
328,518,0
328,519,0
328,520,0
328,521,0
328,632,0
328,633,0
328,634,0
328,635,0
328,636,0
329,260,0
329,518,0
329,519,0
329,635,0
329,636,0
329,637,0
329,638,0
329,639,0
330,259,0
330,260,0
330,517,0
330,518,0
330,638,0
330,639,0
330,640,0
331,259,0
331,516,0
332,258,0
332,259,0
332,260,0
332,514,0
332,644,0
332,645,0
333,258,0
333,259,0
333,260,0
333,510,0
333,511,0
333,512,0
334,257,0
334,258,0
334,259,0
334,260,0
334,510,0
335,257,0
335,258,0
335,259,0
335,651,0
335,652,0
335,653,0
335,654,0
335,655,0
335,656,0
335,963,0
335,964,0
336,256,0
336,257,0
336,258,0
336,505,0
336,506,0
336,507,0
336,653,0
336,654,0
336,655,0
336,656,0
336,963,0
336,964,0
337,256,0
337,257,0
337,258,0
337,505,0
337,506,0
337,655,0
337,656,0
337,963,0
337,964,0
338,255,0
338,256,0
338,257,0
338,656,0
338,657,0
338,963,0
338,964,0
339,255,0
339,256,0
339,257,0
339,500,0
339,501,0
339,502,0
339,503,0
339,658,0
339,659,0
339,660,0
339,963,0
339,964,0
340,254,0
340,255,0
340,256,0
340,500,0
340,501,0
340,502,0
340,659,0
340,660,0
340,661,0
340,963,0
340,964,0
341,254,0
341,255,0
341,500,0
341,501,0
341,661,0
341,963,0
341,964,0
342,253,0
342,254,0
342,255,0
342,500,0
342,963,0
342,964,0
343,253,0
343,254,0
343,255,0
343,496,0
343,497,0
343,498,0
343,499,0
343,963,0
343,964,0
344,253,0
344,254,0
344,496,0
344,497,0
344,498,0
344,665,0
344,666,0
344,667,0
344,668,0
344,963,0
344,964,0
345,252,0
345,253,0
345,254,0
345,496,0
345,497,0
345,668,0
345,669,0
345,670,0
345,671,0
345,672,0
345,963,0
345,964,0
346,252,0
346,253,0
346,254,0
346,496,0
346,670,0
346,671,0
346,672,0
346,963,0
346,964,0
347,252,0
347,253,0
347,495,0
347,672,0
347,963,0
347,964,0
348,251,0
348,252,0
348,253,0
348,493,0
348,494,0
348,963,0
348,964,0
349,251,0
349,252,0
349,493,0
349,676,0
349,677,0
349,963,0
349,964,0
350,677,0
350,678,0
351,250,0
351,490,0
351,491,0
351,679,0
351,680,0
351,681,0
352,489,0
352,490,0
352,680,0
352,681,0
353,489,0
354,249,0
354,488,0
354,489,0
355,487,0
355,488,0
355,684,0
355,685,0
355,686,0
356,249,0
356,485,0
356,486,0
356,487,0
356,685,0
356,686,0
357,248,0
357,249,0
357,483,0
357,484,0
357,485,0
357,486,0
357,686,0
357,687,0
358,248,0
358,249,0
358,250,0
358,483,0
358,484,0
358,485,0
358,687,0
359,248,0
359,483,0
359,484,0
359,688,0
360,247,0
360,483,0
360,689,0
361,482,0
361,690,0
361,691,0
362,481,0
362,691,0
362,692,0
362,693,0
362,694,0
362,695,0
363,481,0
363,692,0
363,693,0
363,694,0
364,693,0
364,694,0
364,695,0
365,477,0
365,478,0
365,479,0
365,694,0
365,695,0
366,477,0
366,478,0
366,479,0
366,695,0
367,477,0
367,478,0
367,695,0
367,696,0
367,964,0
368,477,0
368,696,0
368,962,0
368,963,0
368,964,0
369,697,0
369,698,0
369,699,0
369,963,0
370,474,0
370,475,0
370,697,0
370,698,0
370,699,0
370,963,0
371,241,0
371,474,0
371,475,0
371,698,0
371,963,0
372,241,0
372,473,0
372,474,0
372,699,0
373,240,0
373,241,0
373,471,0
373,472,0
373,473,0
374,240,0
374,241,0
374,471,0
374,472,0
374,701,0
374,702,0
374,703,0
375,239,0
375,240,0
375,471,0
375,702,0
375,703,0
375,704,0
376,239,0
376,240,0
376,241,0
376,703,0
376,704,0
376,705,0
377,238,0
377,239,0
377,240,0
377,704,0
377,705,0
377,706,0
378,469,0
378,705,0
378,706,0
378,707,0
379,706,0
379,707,0
379,708,0
380,707,0
380,708,0
381,236,0
381,466,0
381,467,0
382,466,0
382,708,0
383,236,0
383,466,0
384,235,0
384,236,0
384,710,0
384,711,0
385,235,0
385,236,0
385,465,0
385,711,0
386,235,0
386,464,0
386,712,0
386,713,0
386,714,0
387,234,0
387,464,0
387,713,0
387,714,0
387,715,0
388,234,0
388,714,0
388,715,0
389,714,0
389,715,0
390,233,0
390,461,0
390,462,0
390,715,0
391,460,0
391,461,0
391,462,0
392,459,0
392,460,0
392,461,0
392,716,0
392,965,0
393,459,0
393,460,0
393,964,0
393,965,0
394,459,0
394,964,0
394,965,0
395,232,0
395,459,0
396,458,0
397,232,0
397,455,0
397,456,0
397,457,0
397,719,0
398,232,0
398,455,0
398,456,0
398,457,0
398,720,0
399,232,0
399,455,0
399,456,0
399,720,0
399,721,0
399,722,0
400,232,0
400,455,0
400,721,0
400,722,0
400,723,0
400,965,0
401,232,0
401,455,0
401,721,0
401,722,0
401,965,0
402,232,0
402,233,0
402,722,0
402,723,0
402,965,0
403,232,0
403,233,0
403,722,0
403,723,0
404,723,0
405,723,0
406,452,0
407,231,0
407,450,0
407,451,0
407,724,0
408,231,0
408,449,0
408,450,0
408,451,0
408,724,0
409,231,0
409,232,0
409,449,0
409,450,0
409,725,0
410,231,0
410,449,0
410,450,0
410,725,0
410,965,0
411,231,0
411,449,0
411,725,0
411,726,0
411,964,0
411,965,0
412,230,0
412,231,0
412,449,0
412,726,0
412,964,0
412,965,0
413,230,0
413,231,0
413,449,0
413,726,0
413,965,0
414,230,0
414,965,0
415,229,0
415,230,0
415,231,0
415,965,0
416,229,0
416,230,0
416,231,0
416,448,0
416,965,0
417,229,0
417,230,0
417,728,0
417,729,0
417,965,0
418,229,0
418,447,0
418,729,0
418,730,0
418,965,0
419,229,0
419,447,0
419,729,0
419,730,0
419,965,0
420,228,0
420,446,0
420,730,0
420,965,0
421,228,0
421,445,0
421,446,0
421,730,0
421,965,0
422,228,0
422,444,0
422,445,0
422,446,0
422,965,0
423,228,0
423,443,0
423,444,0
423,445,0
423,731,0
423,965,0
424,443,0
424,444,0
424,445,0
424,964,0
424,965,0
425,228,0
425,443,0
425,444,0
425,445,0
425,732,0
425,964,0
425,965,0
426,228,0
426,443,0
426,444,0
426,964,0
426,965,0
427,228,0
427,443,0
427,444,0
427,733,0
427,965,0
428,228,0
428,443,0
428,444,0
428,733,0
428,734,0
428,965,0
429,228,0
429,443,0
429,734,0
430,443,0
431,227,0
431,443,0
431,734,0
432,227,0
432,443,0
433,227,0
433,443,0
433,735,0
433,736,0
433,737,0
434,735,0
434,736,0
434,737,0
435,227,0
435,442,0
435,736,0
435,737,0
436,227,0
436,441,0
436,736,0
436,737,0
437,227,0
437,441,0
437,736,0
438,227,0
438,441,0
438,737,0
438,965,0
439,227,0
439,228,0
439,737,0
439,965,0
440,227,0
440,228,0
440,438,0
440,439,0
440,440,0
440,737,0
440,965,0
441,227,0
441,228,0
441,229,0
441,438,0
441,439,0
441,440,0
441,737,0
441,965,0
442,227,0
442,228,0
442,229,0
442,438,0
442,439,0
442,965,0
443,226,0
443,227,0
443,228,0
443,438,0
443,439,0
443,965,0
444,227,0
444,228,0
444,438,0
444,439,0
444,965,0
445,227,0
445,228,0
445,438,0
445,738,0
446,226,0
446,227,0
446,228,0
446,438,0
447,227,0
447,438,0
447,739,0
448,226,0
448,227,0
448,228,0
448,438,0
448,739,0
449,226,0
449,227,0
449,228,0
449,438,0
449,740,0
450,226,0
450,227,0
450,228,0
450,740,0
451,226,0
451,227,0
451,228,0
451,740,0
451,741,0
452,227,0
452,228,0
452,740,0
452,741,0
452,965,0
453,226,0
453,227,0
453,741,0
453,742,0
453,965,0
454,227,0
454,437,0
454,741,0
454,742,0
454,743,0
454,965,0
455,226,0
455,227,0
455,437,0
455,741,0
455,742,0
455,743,0
455,744,0
456,226,0
456,227,0
456,741,0
456,742,0
456,743,0
457,226,0
457,741,0
457,742,0
457,743,0
458,226,0
458,227,0
458,742,0
459,227,0
459,436,0
459,742,0
460,226,0
460,227,0
460,436,0
460,742,0
461,226,0
461,227,0
461,742,0
462,226,0
462,227,0
462,228,0
462,742,0
462,965,0
463,226,0
463,965,0
464,226,0
464,435,0
464,742,0
465,435,0
465,742,0
466,435,0
466,742,0
467,226,0
467,742,0
468,227,0
468,228,0
468,434,0
468,742,0
469,227,0
469,228,0
469,434,0
469,743,0
470,226,0
470,227,0
470,434,0
470,743,0
471,226,0
471,227,0
471,433,0
471,434,0
471,743,0
471,744,0
472,227,0
472,744,0
473,226,0
473,227,0
473,744,0
473,745,0
474,227,0
474,744,0
474,745,0
475,226,0
475,744,0
475,745,0
476,227,0
476,745,0
477,226,0
477,227,0
477,434,0
478,227,0
478,745,0
478,964,0
479,226,0
479,227,0
479,434,0
479,745,0
480,227,0
480,745,0
481,226,0
481,227,0
481,228,0
481,433,0
481,434,0
481,746,0
482,226,0
482,227,0
482,228,0
482,433,0
482,746,0
482,747,0
482,748,0
483,226,0
483,227,0
483,228,0
483,229,0
483,433,0
483,434,0
483,746,0
483,747,0
484,227,0
484,228,0
484,433,0
484,746,0
484,747,0
485,227,0
485,433,0
485,746,0
485,747,0
486,226,0
486,227,0
486,746,0
486,747,0
487,227,0
487,746,0
487,747,0
488,226,0
488,746,0
489,227,0
489,746,0
489,747,0
489,963,0
490,227,0
490,746,0
490,747,0
490,962,0
490,963,0
491,227,0
491,746,0
491,747,0
491,962,0
491,963,0
492,227,0
492,746,0
492,747,0
492,962,0
492,963,0
493,227,0
493,746,0
493,747,0
493,963,0
494,432,0
494,746,0
495,227,0
495,432,0
495,746,0
496,227,0
497,227,0
497,228,0
497,229,0
497,746,0
498,227,0
498,228,0
498,746,0
499,227,0
499,228,0
500,228,0
500,429,0
500,430,0
500,431,0
500,746,0
501,228,0
501,429,0
501,430,0
501,963,0
502,228,0
502,429,0
502,430,0
502,747,0
502,748,0
502,749,0
502,962,0
502,963,0
503,228,0
503,428,0
503,429,0
503,430,0
503,747,0
503,748,0
503,962,0
503,963,0
504,228,0
504,430,0
504,747,0
504,748,0
504,962,0
504,963,0
505,228,0
505,747,0
505,748,0
505,962,0
505,963,0
506,747,0
506,748,0
506,962,0
506,963,0
507,228,0
507,747,0
507,748,0
507,962,0
507,963,0
508,228,0
508,747,0
508,748,0
508,962,0
508,963,0
509,227,0
509,228,0
509,747,0
509,962,0
509,963,0
510,227,0
510,228,0
510,747,0
510,748,0
510,961,0
510,962,0
510,963,0
511,227,0
511,228,0
511,747,0
511,748,0
511,961,0
511,962,0
511,963,0
512,226,0
512,228,0
512,747,0
512,748,0
512,962,0
513,226,0
513,748,0
514,226,0
514,748,0
515,748,0
516,427,0
516,428,0
516,429,0
516,748,0
516,749,0
517,427,0
517,428,0
517,429,0
517,748,0
517,749,0
518,427,0
518,428,0
518,429,0
518,748,0
518,749,0
518,750,0
519,227,0
519,427,0
519,428,0
519,748,0
519,749,0
519,750,0
520,227,0
520,427,0
520,428,0
520,748,0
520,749,0
520,962,0
521,227,0
521,427,0
521,428,0
521,748,0
521,749,0
521,961,0
521,962,0
522,227,0
522,427,0
522,428,0
522,748,0
522,962,0
523,427,0
523,428,0
523,748,0
523,962,0
524,227,0
524,427,0
524,428,0
524,748,0
525,227,0
525,428,0
526,227,0
526,428,0
526,748,0
527,227,0
527,228,0
527,428,0
527,748,0
528,227,0
528,428,0
528,748,0
529,227,0
529,428,0
530,424,0
530,426,0
530,427,0
530,748,0
531,227,0
531,748,0
532,227,0
532,428,0
532,748,0
532,749,0
533,227,0
533,428,0
533,748,0
534,428,0
534,748,0
535,227,0
535,748,0
536,227,0
537,227,0
537,228,0
537,748,0
537,962,0
538,227,0
538,748,0
538,962,0
539,227,0
539,748,0
539,961,0
539,962,0
540,227,0
540,748,0
540,749,0
541,748,0
541,749,0
542,227,0
542,428,0
542,748,0
542,749,0
542,750,0
543,227,0
543,428,0
543,748,0
543,749,0
543,750,0
544,227,0
544,228,0
544,229,0
544,428,0
544,748,0
545,227,0
545,228,0
545,428,0
545,748,0
545,962,0
546,227,0
546,228,0
546,428,0
546,962,0
547,227,0
547,748,0
547,962,0
548,227,0
548,748,0
548,962,0
549,226,0
549,227,0
549,962,0
550,226,0
550,748,0
550,962,0
551,226,0
551,227,0
551,748,0
551,962,0
552,227,0
552,748,0
552,749,0
552,750,0
552,962,0
553,227,0
553,747,0
553,748,0
553,749,0
553,750,0
553,962,0
554,226,0
554,227,0
554,748,0
554,749,0
554,750,0
554,962,0
555,748,0
555,749,0
555,750,0
555,962,0
556,226,0
556,748,0
556,749,0
556,961,0
556,962,0
557,748,0
557,749,0
557,961,0
557,962,0
558,748,0
558,749,0
558,962,0
559,429,0
559,748,0
559,749,0
560,748,0
560,749,0
561,226,0
561,227,0
561,228,0
561,429,0
561,748,0
561,749,0
562,226,0
562,227,0
562,228,0
562,429,0
562,748,0
562,749,0
563,227,0
563,228,0
563,429,0
563,748,0
563,749,0
564,227,0
564,228,0
564,749,0
565,227,0
565,228,0
565,749,0
566,226,0
566,227,0
566,749,0
566,962,0
567,227,0
567,749,0
567,961,0
567,962,0
568,227,0
568,749,0
568,961,0
568,962,0
569,227,0
569,749,0
569,961,0
569,962,0
570,226,0
570,227,0
570,961,0
570,962,0
571,429,0
571,749,0
571,961,0
571,962,0
572,749,0
572,961,0
572,962,0
573,226,0
573,749,0
574,749,0
575,226,0
575,749,0
576,226,0
576,749,0
577,226,0
577,749,0
578,226,0
578,749,0
578,962,0
579,226,0
579,749,0
579,962,0
580,226,0
580,749,0
581,225,0
581,226,0
581,749,0
582,226,0
582,749,0
583,225,0
583,226,0
583,749,0
584,225,0
584,226,0
584,431,0
584,749,0
585,225,0
585,749,0
585,750,0
586,225,0
586,226,0
586,431,0
586,749,0
586,750,0
587,225,0
587,226,0
587,431,0
587,749,0
587,750,0
588,226,0
588,749,0
588,750,0
589,225,0
589,226,0
589,431,0
589,749,0
589,750,0
590,225,0
590,226,0
590,749,0
590,750,0
590,751,0
591,226,0
591,431,0
591,749,0
591,750,0
591,751,0
591,962,0
592,225,0
592,226,0
592,431,0
592,749,0
592,750,0
592,751,0
592,962,0
593,226,0
593,749,0
593,961,0
593,962,0
594,225,0
594,226,0
594,430,0
594,431,0
594,749,0
595,225,0
595,226,0
595,430,0
595,431,0
596,226,0
596,430,0
596,749,0
597,225,0
597,226,0
597,431,0
597,749,0
598,225,0
598,226,0
598,749,0
598,750,0
599,225,0
599,226,0
599,749,0
599,961,0
599,962,0
600,225,0
600,226,0
600,227,0
600,431,0
600,749,0
600,961,0
600,962,0
601,225,0
601,226,0
601,227,0
601,749,0
601,962,0
602,225,0
602,226,0
602,227,0
602,431,0
602,962,0
603,226,0
603,227,0
603,749,0
603,962,0
604,225,0
604,226,0
604,227,0
604,430,0
604,431,0
604,749,0
605,427,0
605,428,0
605,429,0
605,430,0
605,749,0
606,429,0
606,430,0
606,431,0
606,749,0
607,430,0
608,431,0
608,749,0
609,225,0
609,431,0
609,749,0
610,225,0
610,226,0
610,749,0
610,750,0
611,225,0
611,749,0
612,749,0
613,432,0
613,749,0
614,432,0
614,749,0
614,961,0
615,432,0
615,961,0
616,225,0
616,432,0
616,749,0
616,960,0
616,961,0
617,225,0
617,432,0
617,749,0
617,961,0
618,226,0
618,432,0
618,749,0
619,225,0
619,431,0
619,432,0
619,749,0
620,226,0
620,431,0
620,432,0
620,749,0
620,750,0
621,226,0
621,431,0
621,432,0
621,749,0
621,750,0
622,225,0
622,226,0
622,431,0
622,432,0
622,749,0
622,750,0
622,751,0
623,226,0
623,227,0
623,432,0
623,749,0
623,750,0
623,751,0
624,225,0
624,226,0
624,227,0
624,432,0
624,749,0
624,750,0
624,751,0
625,226,0
625,749,0
625,750,0
625,961,0
626,226,0
626,749,0
626,750,0
626,751,0
626,960,0
626,961,0
627,226,0
627,749,0
627,750,0
627,751,0
627,960,0
627,961,0
628,226,0
628,749,0
628,750,0
628,751,0
628,960,0
628,961,0
629,749,0
629,961,0
630,226,0
630,749,0
630,961,0
631,226,0
631,961,0
632,226,0
632,749,0
632,961,0
633,226,0
633,749,0
633,961,0
634,227,0
634,961,0
635,227,0
635,748,0
635,961,0
636,226,0
636,227,0
636,228,0
636,432,0
636,748,0
636,961,0
637,226,0
637,227,0
637,228,0
637,432,0
637,961,0
638,227,0
638,228,0
638,431,0
638,432,0
638,748,0
639,227,0
639,228,0
639,748,0
640,227,0
640,748,0
640,958,0
640,959,0
640,960,0
641,227,0
641,228,0
641,748,0
641,749,0
641,959,0
641,960,0
641,961,0
642,227,0
642,228,0
642,748,0
643,226,0
643,227,0
643,228,0
643,748,0
644,227,0
644,228,0
645,227,0
645,748,0
646,748,0
647,226,0
647,748,0
647,749,0
647,750,0
647,959,0
647,960,0
648,748,0
648,749,0
648,750,0
649,748,0
649,749,0
649,750,0
649,961,0
650,432,0
650,748,0
650,749,0
650,750,0
651,226,0
651,430,0
651,431,0
651,432,0
651,748,0
651,749,0
651,750,0
652,226,0
652,431,0
652,748,0
652,749,0
652,750,0
653,226,0
653,227,0
653,431,0
653,748,0
653,749,0
654,227,0
654,431,0
654,747,0
655,226,0
655,227,0
655,431,0
655,747,0
656,227,0
656,959,0
656,960,0
657,226,0
657,747,0
658,226,0
658,227,0
658,747,0
659,227,0
659,748,0
659,749,0
659,750,0
660,226,0
660,227,0
660,228,0
660,229,0
660,748,0
660,749,0
660,750,0
661,226,0
661,227,0
661,228,0
661,229,0
661,748,0
661,749,0
661,750,0
662,227,0
662,228,0
662,749,0
662,750,0
662,751,0
662,960,0
663,226,0
663,227,0
663,228,0
663,749,0
663,750,0
663,751,0
664,227,0
664,228,0
664,749,0
664,961,0
665,227,0
665,228,0
665,749,0
666,227,0
666,228,0
667,227,0
667,228,0
667,749,0
668,227,0
668,228,0
668,749,0
669,227,0
669,228,0
669,749,0
670,749,0
671,228,0
671,749,0
671,957,0
671,958,0
671,959,0
672,957,0
672,958,0
673,431,0
673,749,0
673,957,0
673,958,0
674,228,0
674,749,0
674,958,0
675,228,0
675,749,0
675,958,0
676,749,0
676,958,0
677,430,0
677,958,0
678,228,0
678,430,0
678,749,0
679,229,0
679,430,0
679,749,0
679,955,0
679,956,0
679,957,0
680,229,0
680,749,0
680,750,0
680,751,0
680,956,0
680,957,0
680,958,0
681,228,0
681,229,0
681,749,0
681,750,0
681,957,0
681,958,0
682,229,0
682,749,0
682,750,0
682,957,0
683,229,0
683,230,0
683,749,0
683,958,0
684,228,0
684,229,0
684,230,0
684,958,0
685,229,0
685,230,0
685,430,0
685,749,0
685,958,0
686,229,0
686,430,0
686,749,0
686,958,0
687,228,0
687,229,0
687,749,0
688,958,0
689,228,0
689,229,0
689,749,0
689,958,0
690,228,0
690,229,0
690,749,0
690,958,0
691,229,0
691,230,0
691,749,0
692,228,0
692,229,0
692,749,0
692,957,0
692,958,0
693,228,0
693,229,0
693,749,0
693,958,0
694,228,0
694,430,0
694,749,0
694,750,0
695,228,0
695,430,0
695,749,0
695,750,0
696,228,0
696,430,0
696,749,0
697,228,0
697,430,0
697,749,0
698,430,0
699,430,0
700,430,0
700,749,0
700,957,0
701,430,0
701,749,0
701,750,0
701,751,0
701,957,0
702,228,0
702,430,0
702,749,0
702,750,0
702,957,0
703,229,0
703,430,0
703,749,0
703,750,0
703,957,0
704,429,0
704,430,0
704,749,0
704,751,0
705,228,0
705,429,0
705,430,0
705,749,0
705,750,0
705,751,0
706,228,0
706,429,0
706,430,0
706,749,0
706,750,0
706,751,0
706,752,0
707,429,0
707,430,0
707,750,0
707,751,0
707,752,0
708,429,0
708,430,0
708,749,0
708,750,0
708,751,0
708,752,0
709,429,0
709,430,0
709,750,0
709,751,0
709,752,0
709,956,0
710,228,0
710,429,0
710,430,0
711,429,0
711,430,0
711,750,0
712,228,0
712,430,0
712,750,0
713,229,0
713,750,0
713,954,0
713,955,0
714,228,0
714,229,0
714,954,0
714,955,0
715,228,0
715,229,0
715,230,0
715,954,0
715,955,0
716,229,0
716,230,0
716,955,0
717,229,0
717,230,0
717,750,0
717,955,0
718,229,0
718,230,0
718,750,0
718,955,0
718,956,0
719,228,0
719,229,0
719,955,0
720,228,0
720,229,0
720,750,0
720,955,0
720,956,0
721,228,0
721,955,0
721,956,0
722,228,0
722,750,0
722,955,0
723,228,0
723,750,0
723,955,0
723,956,0
724,429,0
724,430,0
724,750,0
724,955,0
725,228,0
725,429,0
725,430,0
725,751,0
725,955,0
726,227,0
726,228,0
726,429,0
726,430,0
726,751,0
726,955,0
727,228,0
727,429,0
727,430,0
727,955,0
728,227,0
728,429,0
728,430,0
728,751,0
728,955,0
728,956,0
729,430,0
729,431,0
729,750,0
729,751,0
729,955,0
729,956,0
730,227,0
730,430,0
730,431,0
730,750,0
730,955,0
730,956,0
731,430,0
731,431,0
731,750,0
731,955,0
731,956,0
732,227,0
732,430,0
732,431,0
732,750,0
732,955,0
732,956,0
733,227,0
733,430,0
733,431,0
733,955,0
733,956,0
734,431,0
734,955,0
734,956,0
734,957,0
735,227,0
735,228,0
735,431,0
735,750,0
735,955,0
735,956,0
736,228,0
736,229,0
736,230,0
736,231,0
736,431,0
736,750,0
736,955,0
736,956,0
737,227,0
737,228,0
737,229,0
737,230,0
737,231,0
737,431,0
737,750,0
737,955,0
737,956,0
737,957,0
738,228,0
738,229,0
738,230,0
738,431,0
738,955,0
738,956,0
738,957,0
739,227,0
739,228,0
739,431,0
739,955,0
739,956,0
740,228,0
740,431,0
740,750,0
740,955,0
740,956,0
740,957,0
741,227,0
741,431,0
741,955,0
741,956,0
742,227,0
742,228,0
742,431,0
742,955,0
742,956,0
743,227,0
743,431,0
743,955,0
743,956,0
743,957,0
744,227,0
744,431,0
744,955,0
744,956,0
745,431,0
745,957,0
746,431,0
746,750,0
747,227,0
747,431,0
747,957,0
748,228,0
748,431,0
748,750,0
748,751,0
748,957,0
749,227,0
749,431,0
749,749,0
749,751,0
750,228,0
750,431,0
750,749,0
750,750,0
750,956,0
750,957,0
751,228,0
751,431,0
751,749,0
751,750,0
751,751,0
751,956,0
751,957,0
752,228,0
752,431,0
752,749,0
752,750,0
752,751,0
752,956,0
752,957,0
753,227,0
753,431,0
753,749,0
753,750,0
753,956,0
754,228,0
754,431,0
754,749,0
754,751,0
754,956,0
754,957,0
755,228,0
755,431,0
755,749,0
755,750,0
755,957,0
756,228,0
756,229,0
756,230,0
756,231,0
756,431,0
756,749,0
756,750,0
756,751,0
756,957,0
757,228,0
757,229,0
757,230,0
757,231,0
757,431,0
757,750,0
757,751,0
758,228,0
758,229,0
758,230,0
758,231,0
758,431,0
758,749,0
758,750,0
758,751,0
758,957,0
759,228,0
759,229,0
759,230,0
759,431,0
759,749,0
759,750,0
759,751,0
759,752,0
759,957,0
760,228,0
760,431,0
760,749,0
760,751,0
761,228,0
761,431,0
761,749,0
761,750,0
761,751,0
761,752,0
761,957,0
762,431,0
762,749,0
762,751,0
762,752,0
762,956,0
762,957,0
763,228,0
763,430,0
763,431,0
763,749,0
763,750,0
763,751,0
763,752,0
763,955,0
763,956,0
764,228,0
764,430,0
764,431,0
764,749,0
764,750,0
764,751,0
764,752,0
764,956,0
764,957,0
765,228,0
765,229,0
765,430,0
765,431,0
765,749,0
765,750,0
765,751,0
765,956,0
765,957,0
766,228,0
766,229,0
766,749,0
766,750,0
766,751,0
766,752,0
766,957,0
767,228,0
767,748,0
767,749,0
767,750,0
767,752,0
767,957,0
768,228,0
768,229,0
768,749,0
768,750,0
768,751,0
768,752,0
768,957,0
769,228,0
769,749,0
769,750,0
769,752,0
769,753,0
769,957,0
770,228,0
770,749,0
770,750,0
770,751,0
770,957,0
770,958,0
771,228,0
771,749,0
771,750,0
771,957,0
771,958,0
772,749,0
772,750,0
772,957,0
773,228,0
773,750,0
773,751,0
773,957,0
773,958,0
774,228,0
774,957,0
774,958,0
775,228,0
775,750,0
775,751,0
775,752,0
775,753,0
775,956,0
775,957,0
775,958,0
776,228,0
776,229,0
776,750,0
776,751,0
776,957,0
777,228,0
777,229,0
777,750,0
777,957,0
777,958,0
778,228,0
778,229,0
778,230,0
778,750,0
778,958,0
779,228,0
779,229,0
779,230,0
779,750,0
779,958,0
780,228,0
780,229,0
780,230,0
780,750,0
780,751,0
781,228,0
781,229,0
781,230,0
781,750,0
781,751,0
782,228,0
782,229,0
782,750,0
782,751,0
783,228,0
783,229,0
783,750,0
783,959,0
784,228,0
784,750,0
784,751,0
784,959,0
785,228,0
785,750,0
785,751,0
785,959,0
786,228,0
786,750,0
786,751,0
786,959,0
787,228,0
787,431,0
787,750,0
787,751,0
787,752,0
787,959,0
788,430,0
788,431,0
788,750,0
788,959,0
789,228,0
789,430,0
789,431,0
790,228,0
790,430,0
790,431,0
791,228,0
791,430,0
791,431,0
791,750,0
792,228,0
792,750,0
793,228,0
793,229,0
793,750,0
794,228,0
794,229,0
794,750,0
794,960,0
795,228,0
795,229,0
795,230,0
796,228,0
796,229,0
796,230,0
796,750,0
797,228,0
797,430,0
797,431,0
797,750,0
798,228,0
798,430,0
798,431,0
799,431,0
799,750,0
800,228,0
800,431,0
801,228,0
801,431,0
801,749,0
802,431,0
803,228,0
803,431,0
804,228,0
804,431,0
804,960,0
805,228,0
805,431,0
805,960,0
805,961,0
806,431,0
806,959,0
806,960,0
807,228,0
807,431,0
807,750,0
807,960,0
808,228,0
808,431,0
808,750,0
808,751,0
808,961,0
809,228,0
809,229,0
809,431,0
809,750,0
810,227,0
810,228,0
810,430,0
810,431,0
810,750,0
811,227,0
811,228,0
811,430,0
811,431,0
811,749,0
811,750,0
811,961,0
812,227,0
812,430,0
812,431,0
812,750,0
812,961,0
813,227,0
813,431,0
813,749,0
813,750,0
813,961,0
814,227,0
814,431,0
815,226,0
815,227,0
815,749,0
815,750,0
815,960,0
815,961,0
816,750,0
816,961,0
817,227,0
817,750,0
817,961,0
818,227,0
818,750,0
818,961,0
819,227,0
819,749,0
819,750,0
820,227,0
820,750,0
820,751,0
820,961,0
821,227,0
821,228,0
821,749,0
821,750,0
821,751,0
821,959,0
821,960,0
821,961,0
822,227,0
822,228,0
822,750,0
822,751,0
822,752,0
822,959,0
822,960,0
823,228,0
823,229,0
823,749,0
823,750,0
823,751,0
823,959,0
823,960,0
823,961,0
824,227,0
824,228,0
824,229,0
824,431,0
824,750,0
824,751,0
824,959,0
824,960,0
825,228,0
825,431,0
825,750,0
825,960,0
825,961,0
826,228,0
826,431,0
826,750,0
826,960,0
827,227,0
827,228,0
827,431,0
827,750,0
827,960,0
827,961,0
828,431,0
828,750,0
828,960,0
829,228,0
829,431,0
829,960,0
830,227,0
830,431,0
830,750,0
831,431,0
831,750,0
831,961,0
832,431,0
832,749,0
832,750,0
832,961,0
833,431,0
833,750,0
833,961,0
834,431,0
834,750,0
834,751,0
834,961,0
835,750,0
835,751,0
835,961,0
836,227,0
836,750,0
836,751,0
836,752,0
836,961,0
837,228,0
837,750,0
837,751,0
837,961,0
837,962,0
838,228,0
838,430,0
838,749,0
838,750,0
838,751,0
838,961,0
838,962,0
839,228,0
839,430,0
839,750,0
839,751,0
839,961,0
840,228,0
840,430,0
840,750,0
840,751,0
840,961,0
840,962,0
841,227,0
841,430,0
841,750,0
841,961,0
841,962,0
842,228,0
842,430,0
842,750,0
842,751,0
842,961,0
843,228,0
843,430,0
843,750,0
843,751,0
843,961,0
844,228,0
844,430,0
844,750,0
844,751,0
844,961,0
845,227,0
845,228,0
845,229,0
845,430,0
845,750,0
845,751,0
845,961,0
846,228,0
846,229,0
846,430,0
846,750,0
846,751,0
846,961,0
847,228,0
847,430,0
847,750,0
847,751,0
847,961,0
848,228,0
848,430,0
848,750,0
848,961,0
849,228,0
849,750,0
849,961,0
849,962,0
850,227,0
850,750,0
850,961,0
851,228,0
851,749,0
851,750,0
851,961,0
851,962,0
852,227,0
852,228,0
852,961,0
853,228,0
853,750,0
853,961,0
854,227,0
854,228,0
854,229,0
854,750,0
854,961,0
855,228,0
855,229,0
855,429,0
855,750,0
855,961,0
856,227,0
856,228,0
856,750,0
856,961,0
856,962,0
857,228,0
857,229,0
857,429,0
858,228,0
858,229,0
859,228,0
859,229,0
859,429,0
860,228,0
860,229,0
860,428,0
860,429,0
861,228,0
861,428,0
862,227,0
862,228,0
862,229,0
862,428,0
862,750,0
862,751,0
862,752,0
862,960,0
862,961,0
863,228,0
863,229,0
863,428,0
863,429,0
863,750,0
863,751,0
863,960,0
863,961,0
863,962,0
864,228,0
864,229,0
864,428,0
864,429,0
864,750,0
864,751,0
864,960,0
864,961,0
864,962,0
865,228,0
865,229,0
865,428,0
865,429,0
865,750,0
865,751,0
866,228,0
866,428,0
866,429,0
866,750,0
866,751,0
866,962,0
867,228,0
867,428,0
867,429,0
867,750,0
868,228,0
868,428,0
868,429,0
868,749,0
868,750,0
868,751,0
868,962,0
869,228,0
869,428,0
869,429,0
869,750,0
869,751,0
870,427,0
870,428,0
870,750,0
870,751,0
870,961,0
871,228,0
871,427,0
871,428,0
871,429,0
871,750,0
871,961,0
871,962,0
872,227,0
872,228,0
872,428,0
872,429,0
872,749,0
872,961,0
873,228,0
873,429,0
873,961,0
874,228,0
874,429,0
874,961,0
875,228,0
875,229,0
875,429,0
875,961,0
876,228,0
876,749,0
876,961,0
877,228,0
877,429,0
877,749,0
877,961,0
878,227,0
878,429,0
878,749,0
878,961,0
879,228,0
879,749,0
879,750,0
879,962,0
880,228,0
880,428,0
880,429,0
880,749,0
880,750,0
880,751,0
881,228,0
881,229,0
881,230,0
881,427,0
881,428,0
881,429,0
881,749,0
881,750,0
881,751,0
881,962,0
882,228,0
882,229,0
882,428,0
882,749,0
882,750,0
882,751,0
883,227,0
883,428,0
883,429,0
883,749,0
883,750,0
883,751,0
883,962,0
884,428,0
884,429,0
884,749,0
884,750,0
884,751,0
885,428,0
885,429,0
885,749,0
885,750,0
885,962,0
886,428,0
886,429,0
886,750,0
886,751,0
886,961,0
887,428,0
887,429,0
887,750,0
887,751,0
887,960,0
887,961,0
888,428,0
888,429,0
888,750,0
888,751,0
888,961,0
889,227,0
889,428,0
889,750,0
889,751,0
889,961,0
890,428,0
890,429,0
890,750,0
890,751,0
890,961,0
890,962,0
891,228,0
891,229,0
891,428,0
891,429,0
891,750,0
891,751,0
891,752,0
891,961,0
892,227,0
892,228,0
892,428,0
892,429,0
892,750,0
892,751,0
892,752,0
892,961,0
893,228,0
893,749,0
893,750,0
893,751,0
893,752,0
893,961,0
894,227,0
894,429,0
894,750,0
894,751,0
894,961,0
895,227,0
895,429,0
895,750,0
895,751,0
895,961,0
896,227,0
896,750,0
896,751,0
896,961,0
897,227,0
897,429,0
897,750,0
897,960,0
898,429,0
898,750,0
898,751,0
898,960,0
898,961,0
899,227,0
899,750,0
899,751,0
899,960,0
899,961,0
900,226,0
900,227,0
900,429,0
900,750,0
900,751,0
900,960,0
901,227,0
901,429,0
901,750,0
901,960,0
901,961,0
902,226,0
902,227,0
902,427,0
902,428,0
902,429,0
902,750,0
902,960,0
902,961,0
903,227,0
903,228,0
903,427,0
903,428,0
903,750,0
903,960,0
904,226,0
904,227,0
904,427,0
904,428,0
904,429,0
904,960,0
904,961,0
905,226,0
905,227,0
905,428,0
905,429,0
905,749,0
905,750,0
905,960,0
906,428,0
906,750,0
906,960,0
906,961,0
907,227,0
907,428,0
907,429,0
907,750,0
907,960,0
908,227,0
908,428,0
908,429,0
908,750,0
908,960,0
908,961,0
909,227,0
909,428,0
909,750,0
909,960,0
910,226,0
910,227,0
910,429,0
910,961,0
911,750,0
912,227,0
912,750,0
912,961,0
913,227,0
913,750,0
913,751,0
913,752,0
914,227,0
914,750,0
914,751,0
914,752,0
915,227,0
915,750,0
915,751,0
915,752,0
915,959,0
915,960,0
915,961,0
916,227,0
916,749,0
916,750,0
916,751,0
916,959,0
916,960,0
916,961,0
917,749,0
917,750,0
917,751,0
917,959,0
917,960,0
918,227,0
918,429,0
918,749,0
918,750,0
918,751,0
918,959,0
918,960,0
919,227,0
919,426,0
919,428,0
919,429,0
919,749,0
919,750,0
919,751,0
919,960,0
919,961,0
920,228,0
920,229,0
920,230,0
920,749,0
920,750,0
920,751,0
920,960,0
921,227,0
921,228,0
921,229,0
921,430,0
921,749,0
921,750,0
921,751,0
921,960,0
921,961,0
922,227,0
922,228,0
922,229,0
922,749,0
922,750,0
922,751,0
922,960,0
923,227,0
923,228,0
923,229,0
923,749,0
923,750,0
923,751,0
923,960,0
923,961,0
924,227,0
924,228,0
924,229,0
924,749,0
924,750,0
924,751,0
924,960,0
925,227,0
925,228,0
925,229,0
925,749,0
925,750,0
925,960,0
926,227,0
926,228,0
926,749,0
926,750,0
926,751,0
926,960,0
926,961,0
927,227,0
927,228,0
927,430,0
927,749,0
927,750,0
927,751,0
927,960,0
928,227,0
928,228,0
928,428,0
928,429,0
928,430,0
928,749,0
928,750,0
928,751,0
928,960,0
928,961,0
929,228,0
929,428,0
929,429,0
929,749,0
929,750,0
929,751,0
929,960,0
930,227,0
930,228,0
930,428,0
930,429,0
930,430,0
930,749,0
930,750,0
930,751,0
930,960,0
930,961,0
931,227,0
931,228,0
931,428,0
931,429,0
931,749,0
931,750,0
931,751,0
931,960,0
932,227,0
932,228,0
932,428,0
932,429,0
932,749,0
932,750,0
932,751,0
932,960,0
933,227,0
933,228,0
933,428,0
933,429,0
933,430,0
933,749,0
933,750,0
933,751,0
933,960,0
934,228,0
934,428,0
934,429,0
934,749,0
934,750,0
934,751,0
934,960,0
935,227,0
935,228,0
935,428,0
935,429,0
935,750,0
935,751,0
935,752,0
935,960,0
936,228,0
936,428,0
936,429,0
936,430,0
936,748,0
936,750,0
936,751,0
936,752,0
936,959,0
936,960,0
937,227,0
937,228,0
937,428,0
937,429,0
937,748,0
937,749,0
937,750,0
937,751,0
937,752,0
937,959,0
938,227,0
938,228,0
938,428,0
938,429,0
938,748,0
938,749,0
938,959,0
938,960,0
939,227,0
939,228,0
939,428,0
939,429,0
939,959,0
939,960,0
940,227,0
940,428,0
940,429,0
940,748,0
940,958,0
940,959,0
940,960,0
941,227,0
941,228,0
941,428,0
941,429,0
941,748,0
941,958,0
941,959,0
942,227,0
942,228,0
942,428,0
942,429,0
942,958,0
942,959,0
942,960,0
943,227,0
943,228,0
943,428,0
943,429,0
943,748,0
944,227,0
944,228,0
944,428,0
944,429,0
944,748,0
944,960,0
945,227,0
945,228,0
945,428,0
945,429,0
945,748,0
946,227,0
946,228,0
946,428,0
946,429,0
946,749,0
946,960,0
947,227,0
947,228,0
947,428,0
947,429,0
947,749,0
947,750,0
947,751,0
948,227,0
948,228,0
948,428,0
948,429,0
948,749,0
948,750,0
948,959,0
948,960,0
949,227,0
949,228,0
949,428,0
949,429,0
949,749,0
949,750,0
949,959,0
950,227,0
950,228,0
950,428,0
950,749,0
950,750,0
951,227,0
951,228,0
951,428,0
951,960,0
952,227,0
952,228,0
952,428,0
952,750,0
953,227,0
953,228,0
953,428,0
953,750,0
954,227,0
954,228,0
954,428,0
954,750,0
954,960,0
955,227,0
955,228,0
955,229,0
955,427,0
955,428,0
955,750,0
955,751,0
956,227,0
956,228,0
956,229,0
956,427,0
956,428,0
956,750,0
956,751,0
956,752,0
957,227,0
957,228,0
957,229,0
957,427,0
957,428,0
957,750,0
957,751,0
958,227,0
958,228,0
958,229,0
958,750,0
958,751,0
958,960,0
959,227,0
959,228,0
959,229,0
959,750,0
959,959,0
960,227,0
960,228,0
960,229,0
960,230,0
960,750,0
960,959,0
960,960,0
961,227,0
961,228,0
961,229,0
961,230,0
961,750,0
961,959,0
962,228,0
962,229,0
962,750,0
962,960,0
963,227,0
963,427,0
963,428,0
963,750,0
964,227,0
964,750,0
965,960,0
966,227,0
966,750,0
967,227,0
967,750,0
967,960,0
968,227,0
968,750,0
969,227,0
969,428,0
969,750,0
970,750,0
970,960,0
971,750,0
971,959,0
972,227,0
972,750,0
972,751,0
972,959,0
972,960,0
973,227,0
973,426,0
973,427,0
973,750,0
973,751,0
973,958,0
973,959,0
974,227,0
974,228,0
974,426,0
974,427,0
974,750,0
974,959,0
974,960,0
975,227,0
975,228,0
975,426,0
975,750,0
976,227,0
976,960,0
977,227,0
977,228,0
977,750,0
978,227,0
978,228,0
978,750,0
978,960,0
979,228,0
979,750,0
979,751,0
979,960,0
980,228,0
980,229,0
980,750,0
980,751,0
980,960,0
981,227,0
981,750,0
981,751,0
981,960,0
982,227,0
982,750,0
982,751,0
982,959,0
982,960,0
983,426,0
983,750,0
983,960,0
984,227,0
984,426,0
984,750,0
984,751,0
984,960,0
985,227,0
985,426,0
985,750,0
985,751,0
985,960,0
985,961,0
986,228,0
986,229,0
986,750,0
986,751,0
987,227,0
987,228,0
987,229,0
987,426,0
987,750,0
987,751,0
988,227,0
988,228,0
988,426,0
988,750,0
988,751,0
989,227,0
989,229,0
989,750,0
990,228,0
990,229,0
990,426,0
990,750,0
991,227,0
991,228,0
991,229,0
991,750,0
991,959,0
991,960,0
991,961,0
992,227,0
992,228,0
992,426,0
992,750,0
992,959,0
992,960,0
992,961,0
993,227,0
993,425,0
993,959,0
993,960,0
993,961,0
994,227,0
994,426,0
994,750,0
994,959,0
994,960,0
995,227,0
995,750,0
995,959,0
995,960,0
996,750,0
996,960,0
997,227,0
997,750,0
997,960,0
998,227,0
998,750,0
998,751,0
998,960,0
999,227,0
999,750,0
999,960,0
1000,227,0
1000,228,0
1000,750,0
1000,960,0
1001,228,0
1001,229,0
1001,230,0
1001,750,0
1001,960,0
1002,227,0
1002,228,0
1002,229,0
1002,426,0
1002,750,0
1002,960,0
1003,228,0
1003,229,0
1003,425,0
1003,426,0
1003,960,0
1004,228,0
1004,229,0
1004,425,0
1004,426,0
1004,750,0
1004,960,0
1005,228,0
1005,425,0
1005,426,0
1005,427,0
1005,750,0
1005,960,0
1005,961,0
1006,228,0
1006,426,0
1006,427,0
1006,750,0
1006,960,0
1007,228,0
1007,426,0
1007,427,0
1007,750,0
1007,960,0
1008,228,0
1008,426,0
1008,427,0
1008,750,0
1008,751,0
1008,960,0
1009,228,0
1009,750,0
1009,751,0
1009,960,0
1010,228,0
1010,427,0
1010,750,0
1010,751,0
1010,960,0
1011,228,0
1011,427,0
1011,750,0
1011,960,0
1012,427,0
1012,750,0
1012,960,0
1013,228,0
1013,427,0
1013,750,0
1013,960,0
1014,227,0
1014,228,0
1014,427,0
1014,750,0
1014,960,0
1015,228,0
1015,427,0
1015,960,0
1016,227,0
1016,228,0
1016,427,0
1016,750,0
1016,960,0
1017,227,0
1017,228,0
1017,427,0
1017,750,0
1017,960,0
1018,228,0
1018,427,0
1018,750,0
1018,960,0
1019,227,0
1019,228,0
1019,427,0
1019,750,0
1019,960,0
1019,961,0
1020,228,0
1020,229,0
1020,427,0
1020,750,0
1020,751,0
1020,960,0
1021,227,0
1021,228,0
1021,229,0
1021,427,0
1021,428,0
1021,750,0
1021,751,0
1021,960,0
1022,228,0
1022,229,0
1022,427,0
1022,428,0
1022,750,0
1022,751,0
1022,752,0
1022,960,0
1023,227,0
1023,228,0
1023,229,0
1023,230,0
1023,427,0
1023,750,0
1023,751,0
1023,960,0
1024,228,0
1024,427,0
1024,428,0
1024,750,0
1024,751,0
1024,960,0
1025,228,0
1025,427,0
1025,750,0
1025,751,0
1025,959,0
1025,960,0
1026,426,0
1026,427,0
1026,428,0
1026,750,0
1026,751,0
1026,959,0
1026,960,0
1027,228,0
1027,426,0
1027,427,0
1027,428,0
1027,750,0
1027,959,0
1027,960,0
1027,961,0
1028,228,0
1028,426,0
1028,427,0
1028,750,0
1028,751,0
1028,959,0
1028,960,0
1029,228,0
1029,229,0
1029,750,0
1029,751,0
1029,959,0
1029,960,0
1030,229,0
1030,750,0
1030,751,0
1031,750,0
1031,751,0
1032,229,0
1032,750,0
1032,751,0
1032,752,0
1033,228,0
1033,229,0
1033,750,0
1033,751,0
1033,752,0
1033,961,0
1034,229,0
1034,427,0
1034,750,0
1035,229,0
1035,230,0
1035,427,0
1035,750,0
1035,958,0
1035,959,0
1035,960,0
1036,228,0
1036,229,0
1036,427,0
1036,960,0
1037,229,0
1037,427,0
1037,750,0
1037,960,0
1038,229,0
1038,426,0
1038,427,0
1038,750,0
1038,960,0
1039,228,0
1039,229,0
1039,427,0
1039,750,0
1039,751,0
1039,960,0
1039,961,0
1040,427,0
1040,750,0
1040,751,0
1040,960,0
1041,229,0
1041,750,0
1042,229,0
1042,750,0
1043,229,0
1043,750,0
1044,229,0
1044,750,0
1044,961,0
1045,229,0
1045,230,0
1045,750,0
1046,230,0
1047,229,0
1047,750,0
1048,229,0
1048,750,0
1048,960,0
1049,229,0
1049,750,0
1049,960,0
1050,750,0
1050,960,0
1050,961,0
1051,229,0
1051,750,0
1052,229,0
1052,427,0
1052,749,0
1052,750,0
1052,751,0
1052,961,0
1053,229,0
1053,427,0
1053,749,0
1053,750,0
1053,751,0
1054,229,0
1054,230,0
1054,426,0
1054,427,0
1054,749,0
1054,750,0
1054,751,0
1055,229,0
1055,230,0
1055,426,0
1055,427,0
1055,749,0
1056,229,0
1056,426,0
1056,427,0
1056,749,0
1056,961,0
1057,229,0
1057,426,0
1057,427,0
1058,229,0
1058,427,0
1058,749,0
1059,427,0
1059,749,0
1060,427,0
1060,749,0
1060,750,0
1060,960,0
1061,427,0
1061,749,0
1061,750,0
1062,427,0
1062,749,0
1063,228,0
1063,427,0
1063,749,0
1064,228,0
1064,427,0
1065,228,0
1065,229,0
1065,230,0
1065,961,0
1066,228,0
1066,229,0
1066,230,0
1067,228,0
1067,229,0
1067,426,0
1068,426,0
1069,227,0
1069,425,0
1069,426,0
1069,748,0
1069,959,0
1070,424,0
1070,425,0
1070,748,0
1071,227,0
1071,424,0
1071,425,0
1072,227,0
1072,424,0
1072,425,0
1072,748,0
1073,227,0
1073,228,0
1073,229,0
1073,424,0
1073,425,0
1073,748,0
1074,228,0
1074,229,0
1074,425,0
1074,748,0
1075,227,0
1075,228,0
1075,229,0
1075,425,0
1075,748,0
1075,961,0
1076,228,0
1076,229,0
1076,425,0
1076,748,0
1077,227,0
1077,228,0
1077,229,0
1077,425,0
1077,748,0
1077,961,0
1078,227,0
1078,228,0
1078,229,0
1078,425,0
1078,748,0
1079,228,0
1079,229,0
1079,425,0
1079,748,0
1079,749,0
1080,227,0
1080,228,0
1080,229,0
1080,425,0
1080,748,0
1080,749,0
1080,960,0
1081,228,0
1081,229,0
1081,748,0
1081,749,0
1081,750,0
1081,959,0
1082,227,0
1082,228,0
1082,229,0
1082,748,0
1082,959,0
1082,960,0
1083,228,0
1083,229,0
1083,748,0
1083,959,0
1083,960,0
1084,227,0
1084,228,0
1084,959,0
1084,960,0
1085,227,0
1085,228,0
1085,229,0
1085,748,0
1085,959,0
1086,227,0
1086,228,0
1086,229,0
1086,748,0
1086,959,0
1086,960,0
1087,228,0
1087,229,0
1087,748,0
1087,749,0
1087,959,0
1087,960,0
1088,227,0
1088,228,0
1088,229,0
1088,425,0
1088,748,0
1088,749,0
1088,750,0
1089,228,0
1089,229,0
1089,425,0
1089,748,0
1089,749,0
1089,750,0
1090,228,0
1090,229,0
1090,425,0
1090,748,0
1090,749,0
1090,750,0
1091,228,0
1091,229,0
1091,425,0
1091,748,0
1091,749,0
1091,750,0
1092,228,0
1092,229,0
1092,425,0
1092,748,0
1092,749,0
1093,228,0
1093,229,0
1093,425,0
1093,748,0
1093,749,0
1094,228,0
1094,229,0
1094,425,0
1094,748,0
1094,749,0
1095,228,0
1095,229,0
1095,425,0
1095,748,0
1095,749,0
1096,227,0
1096,228,0
1096,229,0
1096,425,0
1096,748,0
1096,960,0
1096,961,0
1097,228,0
1097,229,0
1097,425,0
1097,748,0
1097,749,0
1097,960,0
1097,961,0
1098,228,0
1098,229,0
1098,425,0
1098,748,0
1098,749,0
1098,960,0
1099,424,0
1099,425,0
1099,748,0
1099,749,0
1100,424,0
1100,425,0
1100,748,0
1100,749,0
1101,424,0
1101,425,0
1101,748,0
1102,424,0
1102,425,0
1102,748,0
1103,424,0
1103,425,0
1104,227,0
1104,228,0
1104,424,0
1104,425,0
1104,748,0
1105,228,0
1105,423,0
1105,424,0
1105,425,0
1105,748,0
1106,423,0
1106,424,0
1106,425,0
1106,749,0
1106,961,0
1107,227,0
1107,228,0
1107,424,0
1107,425,0
1107,749,0
1108,227,0
1108,228,0
1108,424,0
1108,425,0
1108,749,0
1109,227,0
1109,749,0
1110,227,0
1110,228,0
1110,957,0
1110,958,0
1110,959,0
1110,960,0
1110,961,0
1111,228,0
1111,959,0
1111,960,0
1111,961,0
1112,228,0
1112,229,0
1113,228,0
1114,228,0
1115,227,0
1115,228,0
1115,750,0
1116,425,0
1116,750,0
1117,228,0
1117,750,0
1117,751,0
1118,228,0
1118,424,0
1118,425,0
1118,750,0
1118,751,0
1118,961,0
1119,228,0
1119,424,0
1119,425,0
1119,750,0
1119,751,0
1120,228,0
1120,750,0
1120,751,0
1121,228,0
1121,750,0
1122,750,0
1122,751,0
1122,961,0
1123,228,0
1123,750,0
1123,751,0
1124,228,0
1124,750,0
1124,751,0
1125,228,0
1125,424,0
1125,425,0
1125,750,0
1125,751,0
1126,228,0
1126,229,0
1126,424,0
1126,425,0
1126,750,0
1126,751,0
1127,228,0
1127,229,0
1127,424,0
1127,425,0
1127,750,0
1128,228,0
1128,229,0
1128,424,0
1128,425,0
1128,750,0
1128,751,0
1129,227,0
1129,228,0
1129,424,0
1129,425,0
1129,750,0
1130,227,0
1130,228,0
1130,424,0
1130,425,0
1130,750,0
1131,228,0
1131,424,0
1131,425,0
1131,750,0
1131,958,0
1131,959,0
1131,960,0
1132,228,0
1132,424,0
1132,425,0
1132,958,0
1132,959,0
1132,960,0
1133,228,0
1133,424,0
1133,425,0
1133,750,0
1133,959,0
1133,960,0
1133,961,0
1134,750,0
1135,228,0
1135,750,0
1136,228,0
1136,750,0
1137,228,0
1137,750,0
1138,228,0
1139,228,0
1139,424,0
1139,425,0
1139,750,0
1140,229,0
1140,424,0
1140,425,0
1140,750,0
1141,228,0
1141,229,0
1141,424,0
1141,425,0
1141,750,0
1142,228,0
1142,229,0
1142,424,0
1142,750,0
1142,751,0
1143,228,0
1143,425,0
1143,750,0
1143,751,0
1144,228,0
1144,425,0
1144,750,0
1144,960,0
1145,228,0
1145,425,0
1145,750,0
1145,960,0
1146,425,0
1146,750,0
1147,228,0
1147,425,0
1147,750,0
1148,228,0
1148,425,0
1148,960,0
1149,228,0
1149,425,0
1149,750,0
1149,960,0
1150,228,0
1150,424,0
1150,425,0
1150,750,0
1150,960,0
1151,228,0
1151,425,0
1151,750,0
1151,960,0
1152,750,0
1152,960,0
1153,228,0
1153,750,0
1153,751,0
1153,960,0
1154,228,0
1154,750,0
1154,751,0
1154,960,0
1154,961,0
1155,228,0
1155,229,0
1155,230,0
1155,750,0
1155,751,0
1155,959,0
1155,960,0
1156,228,0
1156,229,0
1156,423,0
1156,424,0
1156,750,0
1156,751,0
1156,960,0
1157,228,0
1157,229,0
1157,423,0
1157,424,0
1157,425,0
1157,750,0
1157,751,0
1157,960,0
1157,961,0
1158,228,0
1158,229,0
1158,423,0
1158,424,0
1158,750,0
1159,227,0
1159,228,0
1159,424,0
1159,750,0
1159,751,0
1160,228,0
1160,424,0
1160,425,0
1160,750,0
1160,751,0
1161,228,0
1161,424,0
1161,750,0
1161,751,0
1162,227,0
1162,228,0
1162,424,0
1162,425,0
1162,750,0
1162,751,0
1163,424,0
1163,425,0
1163,750,0
1163,751,0
1163,752,0
1164,227,0
1164,424,0
1164,750,0
1164,751,0
1165,424,0
1165,425,0
1165,750,0
1166,227,0
1166,424,0
1166,425,0
1166,750,0
1167,227,0
1167,424,0
1167,750,0
1167,960,0
1168,424,0
1168,425,0
1168,960,0
1169,227,0
1169,424,0
1169,750,0
1169,959,0
1169,960,0
1169,961,0
1170,227,0
1170,424,0
1170,425,0
1170,750,0
1170,960,0
1170,961,0
1171,424,0
1171,750,0
1171,960,0
1172,227,0
1172,424,0
1172,750,0
1172,751,0
1172,960,0
1173,424,0
1173,750,0
1173,751,0
1173,752,0
1174,424,0
1174,750,0
1174,751,0
1174,752,0
1175,227,0
1175,424,0
1175,425,0
1175,750,0
1175,751,0
1175,752,0
1176,227,0
1176,424,0
1176,750,0
1176,751,0
1176,752,0
1177,424,0
1177,425,0
1177,750,0
1177,751,0
1177,752,0
1178,424,0
1178,425,0
1178,750,0
1178,751,0
1178,752,0
1178,959,0
1179,227,0
1179,424,0
1179,750,0
1179,751,0
1180,227,0
1180,423,0
1180,424,0
1180,425,0
1180,750,0
1180,751,0
1180,752,0
1181,227,0
1181,423,0
1181,424,0
1181,425,0
1181,750,0
1181,751,0
1181,752,0
1181,959,0
1182,227,0
1182,423,0
1182,424,0
1182,750,0
1182,751,0
1182,752,0
1183,227,0
1183,425,0
1183,750,0
1183,751,0
1183,752,0
1183,959,0
1184,228,0
1184,750,0
1184,959,0
1185,227,0
1185,228,0
1185,750,0
1186,227,0
1186,228,0
1186,959,0
1187,227,0
1187,228,0
1187,750,0
1188,228,0
1188,229,0
1188,424,0
1188,750,0
1189,227,0
1189,228,0
1189,229,0
1189,424,0
1189,750,0
1190,227,0
1190,228,0
1190,229,0
1190,424,0
1190,425,0
1190,750,0
1191,228,0
1191,229,0
1191,230,0
1191,424,0
1191,958,0
1192,227,0
1192,228,0
1192,423,0
1192,424,0
1192,750,0
1192,958,0
1193,228,0
1193,423,0
1193,424,0
1193,750,0
1193,959,0
1194,227,0
1194,423,0
1194,424,0
1194,425,0
1194,750,0
1194,751,0
1194,752,0
1195,227,0
1195,228,0
1195,423,0
1195,424,0
1195,750,0
1195,751,0
1195,752,0
1196,227,0
1196,228,0
1196,423,0
1196,424,0
1196,425,0
1196,750,0
1196,751,0
1196,752,0
1197,228,0
1197,423,0
1197,424,0
1197,750,0
1197,751,0
1198,227,0
1198,228,0
1198,423,0
1198,424,0
1198,750,0
1198,751,0
1198,752,0
1198,958,0
1199,423,0
1199,424,0
1199,750,0
1199,751,0
1199,752,0
1200,227,0
1200,228,0
1200,424,0
1200,425,0
1200,750,0
1200,751,0
1200,752,0
1201,228,0
1201,424,0
1201,750,0
1202,228,0
1202,425,0
1202,750,0
1203,228,0
1203,229,0
1204,228,0
1204,425,0
1204,750,0
1205,228,0
1205,229,0
1205,750,0
1206,228,0
1206,229,0
1206,425,0
1206,750,0
1207,228,0
1207,229,0
1207,750,0
1207,751,0
1208,229,0
1208,230,0
1208,425,0
1208,750,0
1208,751,0
1209,229,0
1209,230,0
1209,750,0
1210,229,0
1210,230,0
1210,750,0
1210,959,0
1211,228,0
1211,229,0
1211,750,0
1211,959,0
1212,229,0
1212,749,0
1212,958,0
1212,959,0
1213,424,0
1213,749,0
1213,750,0
1213,959,0
1214,749,0
1214,750,0
1214,959,0
1215,228,0
1215,749,0
1215,750,0
1215,959,0
1216,749,0
1216,750,0
1216,751,0
1216,959,0
1217,749,0
1217,750,0
1217,751,0
1217,959,0
1218,749,0
1218,750,0
1218,751,0
1218,959,0
1219,749,0
1219,750,0
1219,751,0
1220,749,0
1220,750,0
1221,228,0
1221,749,0
1221,750,0
1221,751,0
1222,749,0
1222,750,0
1222,751,0
1223,228,0
1223,749,0
1223,750,0
1223,751,0
1224,229,0
1224,749,0
1224,750,0
1224,751,0
1224,752,0
1225,228,0
1225,229,0
1225,749,0
1225,750,0
1225,751,0
1226,228,0
1226,229,0
1226,230,0
1226,426,0
1226,749,0
1226,750,0
1226,960,0
1227,228,0
1227,229,0
1227,230,0
1227,749,0
1227,750,0
1228,229,0
1228,230,0
1228,231,0
1228,749,0
1228,750,0
1228,960,0
1229,228,0
1229,229,0
1229,230,0
1229,231,0
1229,749,0
1230,228,0
1230,229,0
1230,230,0
1230,749,0
1230,750,0
1231,228,0
1231,749,0
1232,426,0
1232,749,0
1233,426,0
1233,749,0
1233,959,0
1234,228,0
1234,958,0
1234,959,0
1235,228,0
1235,749,0
1235,958,0
1235,959,0
1236,228,0
1236,229,0
1236,958,0
1236,959,0
1237,958,0
1238,228,0
1238,958,0
1239,958,0
1240,423,0
1240,424,0
1240,748,0
1240,958,0
1241,228,0
1241,423,0
1241,424,0
1241,748,0
1242,423,0
1242,424,0
1242,748,0
1242,959,0
1243,228,0
1243,423,0
1243,424,0
1243,748,0
1243,749,0
1243,959,0
1244,229,0
1244,423,0
1244,424,0
1244,748,0
1244,749,0
1244,750,0
1245,228,0
1245,423,0
1245,424,0
1245,748,0
1245,749,0
1245,959,0
1246,228,0
1246,229,0
1246,424,0
1246,748,0
1246,749,0
1246,955,0
1246,957,0
1246,958,0
1246,959,0
1247,228,0
1247,229,0
1247,424,0
1247,748,0
1247,749,0
1248,229,0
1248,424,0
1248,748,0
1248,959,0
1249,229,0
1249,230,0
1249,424,0
1249,748,0
1249,749,0
1250,228,0
1250,229,0
1250,230,0
1250,748,0
1250,749,0
1250,959,0
1251,228,0
1251,229,0
1251,748,0
1251,749,0
1252,228,0
1252,229,0
1252,748,0
1252,749,0
1252,750,0
1252,958,0
1253,228,0
1253,229,0
1253,748,0
1253,749,0
1253,958,0
1254,228,0
1254,958,0
1255,228,0
1255,229,0
1255,748,0
1255,957,0
1255,958,0
1256,228,0
1256,748,0
1256,958,0
1258,748,0
1259,227,0
1259,748,0
1260,424,0
1260,748,0
1260,958,0
1261,424,0
1261,748,0
1261,749,0
1261,958,0
1262,227,0
1262,424,0
1262,748,0
1263,424,0
1263,748,0
1264,228,0
1264,424,0
1264,748,0
1265,227,0
1265,228,0
1265,424,0
1265,748,0
1265,958,0
1266,227,0
1266,424,0
1267,228,0
1267,424,0
1267,748,0
1267,958,0
1268,227,0
1268,228,0
1268,424,0
1268,748,0
1269,228,0
1269,424,0
1269,748,0
1269,958,0
1270,228,0
1270,229,0
1270,424,0
1270,748,0
1271,227,0
1271,228,0
1271,229,0
1271,424,0
1271,425,0
1271,748,0
1271,749,0
1271,958,0
1272,228,0
1272,229,0
1272,230,0
1272,424,0
1272,425,0
1272,748,0
1272,749,0
1273,227,0
1273,228,0
1273,423,0
1273,424,0
1273,425,0
1273,748,0
1273,749,0
1273,750,0
1273,956,0
1273,957,0
1273,958,0
1274,423,0
1274,424,0
1274,748,0
1274,956,0
1274,957,0
1275,423,0
1275,424,0
1275,425,0
1275,748,0
1275,956,0
1275,957,0
1275,958,0
1276,423,0
1276,424,0
1276,956,0
1276,957,0
1277,423,0
1277,424,0
1277,425,0
1277,748,0
1277,956,0
1277,957,0
1277,958,0
1278,423,0
1278,424,0
1278,748,0
1278,956,0
1278,957,0
1279,422,0
1279,423,0
1279,424,0
1279,748,0
1279,749,0
1279,750,0
1279,956,0
1279,957,0
1280,227,0
1280,422,0
1280,423,0
1280,424,0
1280,748,0
1280,749,0
1280,957,0
1281,228,0
1281,422,0
1281,423,0
1281,424,0
1281,748,0
1281,749,0
1281,957,0
1281,958,0
1282,227,0
1282,228,0
1282,229,0
1282,422,0
1282,423,0
1282,424,0
1282,748,0
1282,749,0
1283,228,0
1283,229,0
1283,421,0
1283,422,0
1283,423,0
1283,748,0
1283,749,0
1283,958,0
1284,227,0
1284,228,0
1284,422,0
1284,423,0
1284,748,0
1284,749,0
1285,228,0
1285,748,0
1285,958,0
1286,228,0
1286,748,0
1286,749,0
1286,958,0
1287,227,0
1287,228,0
1287,748,0
1287,749,0
1288,748,0
1288,749,0
1288,958,0
1289,228,0
1289,748,0
1289,749,0
1289,958,0
1290,228,0
1290,422,0
1290,423,0
1290,748,0
1290,749,0
1290,958,0
1291,228,0
1291,423,0
1291,748,0
1291,749,0
1291,750,0
1292,228,0
1292,423,0
1292,748,0
1293,228,0
1293,229,0
1293,423,0
1293,748,0
1293,957,0
1294,228,0
1294,229,0
1295,228,0
1295,229,0
1295,748,0
1295,956,0
1296,228,0
1296,229,0
1296,748,0
1297,228,0
1297,229,0
1297,423,0
1297,748,0
1297,749,0
1297,955,0
1298,228,0
1298,748,0
1298,954,0
1298,955,0
1299,229,0
1299,748,0
1299,954,0
1299,955,0
1300,228,0
1300,229,0
1300,423,0
1300,748,0
1300,955,0
1301,228,0
1301,423,0
1301,748,0
1301,955,0
1302,228,0
1303,423,0
1303,748,0
1304,228,0
1304,422,0
1304,748,0
1304,955,0
1305,228,0
1305,421,0
1305,422,0
1305,748,0
1306,228,0
1306,229,0
1306,230,0
1306,422,0
1306,423,0
1306,748,0
1307,228,0
1307,229,0
1307,230,0
1307,422,0
1307,748,0
1307,749,0
1307,955,0
1308,228,0
1308,229,0
1308,230,0
1308,423,0
1308,748,0
1308,955,0
1309,228,0
1309,229,0
1309,230,0
1309,748,0
1309,954,0
1310,228,0
1310,229,0
1310,230,0
1310,954,0
1310,955,0
1311,228,0
1311,229,0
1311,230,0
1311,748,0
1311,953,0
1311,954,0
1312,228,0
1312,229,0
1312,748,0
1312,954,0
1313,228,0
1313,229,0
1313,230,0
1313,748,0
1313,955,0
1314,228,0
1314,229,0
1314,230,0
1314,748,0
1315,228,0
1315,229,0
1315,230,0
1315,955,0
1316,229,0
1316,230,0
1316,748,0
1317,228,0
1317,229,0
1317,230,0
1317,423,0
1317,748,0
1317,955,0
1318,228,0
1318,229,0
1318,230,0
1318,423,0
1318,748,0
1319,228,0
1319,229,0
1319,422,0
1319,423,0
1319,747,0
1319,955,0
1320,422,0
1320,423,0
1320,747,0
1321,228,0
1321,423,0
1321,747,0
1322,228,0
1322,423,0
1323,747,0
1323,955,0
1324,228,0
1324,746,0
1324,747,0
1325,746,0
1325,747,0
1326,228,0
1326,746,0
1327,229,0
1327,745,0
1328,424,0
1328,745,0
1329,424,0
1329,745,0
1329,954,0
1329,955,0
1330,424,0
1330,954,0
1331,424,0
1331,745,0
1331,955,0
1332,423,0
1332,424,0
1332,745,0
1332,955,0
1333,228,0
1333,229,0
1333,230,0
1333,231,0
1333,423,0
1333,424,0
1333,425,0
1333,745,0
1334,229,0
1334,230,0
1334,231,0
1334,424,0
1334,425,0
1334,745,0
1334,746,0
1334,955,0
1335,228,0
1335,229,0
1335,230,0
1335,424,0
1335,425,0
1335,745,0
1335,746,0
1336,228,0
1336,424,0
1336,425,0
1336,745,0
1336,955,0
1337,424,0
1337,425,0
1337,745,0
1338,424,0
1338,425,0
1338,426,0
1338,745,0
1339,228,0
1339,426,0
1339,954,0
1340,228,0
1340,745,0
1340,954,0
1341,745,0
1341,954,0
1342,228,0
1342,427,0
1342,745,0
1342,951,0
1342,952,0
1342,953,0
1342,954,0
1343,228,0
1343,427,0
1343,745,0
1343,746,0
1343,952,0
1343,953,0
1343,954,0
1344,228,0
1344,229,0
1344,230,0
1344,427,0
1344,745,0
1344,746,0
1345,228,0
1345,229,0
1345,230,0
1345,427,0
1345,745,0
1345,746,0
1345,954,0
1346,229,0
1346,427,0
1346,745,0
1347,228,0
1347,229,0
1347,745,0
1347,746,0
1348,228,0
1348,229,0
1348,427,0
1348,745,0
1349,228,0
1349,745,0
1349,951,0
1349,952,0
1349,953,0
1349,954,0
1350,229,0
1350,745,0
1350,951,0
1350,952,0
1350,953,0
1351,228,0
1351,229,0
1351,744,0
1351,951,0
1351,952,0
1351,953,0
1352,229,0
1352,744,0
1352,745,0
1352,951,0
1352,952,0
1352,953,0
1352,954,0
1353,229,0
1353,744,0
1353,745,0
1353,953,0
1354,229,0
1354,426,0
1354,427,0
1354,953,0
1354,954,0
1355,426,0
1355,427,0
1355,953,0
1356,229,0
1356,426,0
1356,427,0
1356,953,0
1356,954,0
1357,229,0
1357,427,0
1357,743,0
1357,953,0
1358,229,0
1358,230,0
1358,231,0
1358,427,0
1358,743,0
1358,953,0
1359,229,0
1359,230,0
1359,231,0
1359,427,0
1359,428,0
1359,742,0
1359,743,0
1359,744,0
1359,745,0
1359,954,0
1360,229,0
1360,230,0
1360,231,0
1360,427,0
1360,428,0
1360,742,0
1360,743,0
1360,744,0
1361,229,0
1361,230,0
1361,231,0
1361,427,0
1361,428,0
1361,742,0
1361,743,0
1361,744,0
1362,229,0
1362,230,0
1362,428,0
1362,741,0
1362,742,0
1362,743,0
1363,229,0
1363,230,0
1363,428,0
1363,741,0
1364,229,0
1364,230,0
1364,428,0
1364,429,0
1364,741,0
1365,229,0
1365,230,0
1365,428,0
1365,429,0
1365,740,0
1366,229,0
1366,230,0
1366,428,0
1366,429,0
1367,229,0
1367,429,0
1367,739,0
1367,953,0
1368,229,0
1368,429,0
1369,229,0
1369,429,0
1369,739,0
1370,229,0
1370,429,0
1370,738,0
1370,739,0
1370,953,0
1371,429,0
1371,738,0
1371,739,0
1371,740,0
1371,952,0
1371,953,0
1372,229,0
1372,429,0
1372,738,0
1372,739,0
1372,951,0
1372,952,0
1372,953,0
1373,229,0
1373,429,0
1373,430,0
1373,737,0
1373,738,0
1373,739,0
1373,951,0
1373,952,0
1373,953,0
1374,229,0
1374,429,0
1374,430,0
1374,737,0
1374,738,0
1374,951,0
1374,952,0
1375,229,0
1375,429,0
1375,430,0
1375,737,0
1375,738,0
1375,953,0
1376,228,0
1376,229,0
1376,429,0
1376,430,0
1376,737,0
1376,738,0
1377,228,0
1377,229,0
1377,429,0
1377,430,0
1377,737,0
1377,738,0
1378,228,0
1378,229,0
1378,430,0
1378,431,0
1378,737,0
1378,738,0
1379,229,0
1379,737,0
1380,228,0
1380,229,0
1380,737,0
1380,738,0
1380,951,0
1380,952,0
1381,228,0
1381,432,0
1381,737,0
1381,738,0
1381,951,0
1381,952,0
1382,228,0
1382,229,0
1382,432,0
1382,737,0
1382,738,0
1383,228,0
1383,229,0
1383,432,0
1383,952,0
1384,228,0
1384,229,0
1384,433,0
1385,229,0
1385,952,0
1386,228,0
1386,229,0
1386,736,0
1386,952,0
1387,228,0
1387,229,0
1387,736,0
1388,228,0
1388,229,0
1388,434,0
1388,736,0
1388,952,0
1389,228,0
1389,229,0
1389,434,0
1389,736,0
1389,737,0
1390,228,0
1390,229,0
1390,434,0
1390,735,0
1390,736,0
1391,228,0
1391,229,0
1391,434,0
1391,735,0
1391,736,0
1391,951,0
1392,228,0
1392,229,0
1392,433,0
1392,434,0
1392,735,0
1392,736,0
1392,951,0
1393,228,0
1393,229,0
1393,433,0
1393,434,0
1393,435,0
1393,734,0
1393,735,0
1393,950,0
1393,951,0
1394,228,0
1394,229,0
1394,433,0
1394,434,0
1394,435,0
1394,734,0
1394,735,0
1394,736,0
1394,949,0
1394,950,0
1395,228,0
1395,229,0
1395,435,0
1395,734,0
1395,735,0
1395,736,0
1395,949,0
1396,228,0
1396,229,0
1396,230,0
1396,733,0
1396,734,0
1396,735,0
1396,736,0
1396,949,0
1397,228,0
1397,229,0
1397,230,0
1397,733,0
1397,734,0
1397,736,0
1397,737,0
1398,228,0
1398,229,0
1398,230,0
1399,228,0
1399,229,0
1399,230,0
1399,437,0
1399,947,0
1400,229,0
1400,230,0
1400,437,0
1400,947,0
1401,228,0
1401,229,0
1401,230,0
1401,437,0
1402,438,0
1404,439,0
1404,731,0
1404,945,0
1404,946,0
1405,228,0
1405,731,0
1405,945,0
1405,946,0
1406,730,0
1406,731,0
1406,732,0
1406,945,0
1406,946,0
1407,229,0
1407,440,0
1407,730,0
1407,731,0
1407,732,0
1407,945,0
1408,440,0
1408,730,0
1408,731,0
1408,945,0
1409,229,0
1409,440,0
1409,729,0
1409,730,0
1409,731,0
1409,945,0
1410,229,0
1410,440,0
1410,441,0
1410,729,0
1410,730,0
1410,945,0
1411,441,0
1411,728,0
1411,729,0
1411,730,0
1412,229,0
1412,728,0
1412,729,0
1413,229,0
1413,727,0
1413,728,0
1413,729,0
1413,942,0
1413,943,0
1413,944,0
1414,228,0
1414,229,0
1414,230,0
1414,443,0
1414,727,0
1414,728,0
1414,942,0
1414,943,0
1414,944,0
1415,229,0
1415,230,0
1415,443,0
1415,726,0
1415,727,0
1415,728,0
1415,942,0
1415,943,0
1415,944,0
1416,229,0
1416,444,0
1416,726,0
1416,727,0
1416,942,0
1416,943,0
1417,230,0
1417,444,0
1417,725,0
1417,726,0
1417,727,0
1417,942,0
1417,943,0
1418,230,0
1418,444,0
1418,445,0
1418,724,0
1418,725,0
1418,726,0
1418,727,0
1418,942,0
1418,943,0
1419,444,0
1419,445,0
1419,446,0
1419,724,0
1419,725,0
1419,726,0
1419,942,0
1419,943,0
1420,231,0
1420,444,0
1420,445,0
1420,446,0
1420,723,0
1420,724,0
1420,726,0
1420,942,0
1421,231,0
1421,232,0
1421,446,0
1421,447,0
1421,722,0
1421,942,0
1422,231,0
1422,232,0
1422,233,0
1422,447,0
1422,722,0
1423,231,0
1423,232,0
1423,447,0
1423,448,0
1423,941,0
1424,231,0
1424,232,0
1424,447,0
1424,448,0
1424,941,0
1425,231,0
1425,232,0
1425,447,0
1425,449,0
1425,940,0
1425,941,0
1426,231,0
1426,940,0
1427,231,0
1427,232,0
1427,451,0
1427,721,0
1427,939,0
1427,940,0
1428,231,0
1428,232,0
1428,451,0
1428,721,0
1428,939,0
1428,940,0
1429,231,0
1429,232,0
1429,451,0
1429,452,0
1429,720,0
1429,721,0
1429,722,0
1429,723,0
1429,938,0
1429,939,0
1430,232,0
1430,233,0
1430,452,0
1430,453,0
1430,720,0
1430,721,0
1430,722,0
1430,723,0
1430,938,0
1430,939,0
1431,232,0
1431,233,0
1431,234,0
1431,453,0
1431,720,0
1431,721,0
1431,722,0
1431,937,0
1431,938,0
1432,232,0
1432,233,0
1432,234,0
1432,719,0
1432,720,0
1432,721,0
1432,936,0
1432,937,0
1433,232,0
1433,233,0
1433,455,0
1433,719,0
1433,935,0
1433,936,0
1434,233,0
1434,234,0
1434,455,0
1434,719,0
1434,935,0
1434,936,0
1435,233,0
1435,234,0
1435,455,0
1435,456,0
1435,718,0
1435,935,0
1436,233,0
1436,234,0
1436,456,0
1436,718,0
1436,935,0
1437,233,0
1437,234,0
1437,456,0
1437,457,0
1438,233,0
1438,456,0
1438,457,0
1439,234,0
1439,456,0
1439,457,0
1439,458,0
1439,932,0
1439,933,0
1440,234,0
1440,457,0
1440,458,0
1440,716,0
1440,932,0
1440,933,0
1441,235,0
1441,236,0
1441,237,0
1441,458,0
1441,459,0
1441,715,0
1441,932,0
1441,933,0
1442,235,0
1442,236,0
1442,458,0
1442,459,0
1442,715,0
1442,932,0
1443,235,0
1443,236,0
1443,237,0
1443,459,0
1443,714,0
1443,715,0
1443,932,0
1444,235,0
1444,236,0
1444,237,0
1444,713,0
1444,714,0
1445,236,0
1445,237,0
1445,461,0
1445,931,0
1446,236,0
1446,237,0
1446,461,0
1446,462,0
1446,712,0
1447,236,0
1447,461,0
1447,462,0
1447,463,0
1447,711,0
1447,930,0
1448,236,0
1448,463,0
1448,464,0
1448,711,0
1448,712,0
1448,930,0
1449,465,0
1449,710,0
1449,711,0
1449,930,0
1450,236,0
1450,466,0
1450,709,0
1450,930,0
1451,930,0
1452,237,0
1452,238,0
1452,467,0
1453,238,0
1453,468,0
1454,238,0
1454,468,0
1454,930,0
1455,468,0
1455,469,0
1456,238,0
1456,468,0
1456,469,0
1456,470,0
1456,929,0
1457,238,0
1457,469,0
1457,470,0
1457,471,0
1458,472,0
1458,928,0
1459,239,0
1459,473,0
1459,927,0
1460,240,0
1460,474,0
1460,701,0
1460,925,0
1460,926,0
1460,927,0
1461,925,0
1461,926,0
1462,476,0
1462,700,0
1462,925,0
1462,926,0
1463,476,0
1463,699,0
1463,700,0
1463,925,0
1464,242,0
1464,243,0
1464,476,0
1464,477,0
1464,699,0
1464,700,0
1464,925,0
1465,242,0
1465,243,0
1465,477,0
1465,478,0
1465,698,0
1465,699,0
1465,700,0
1466,242,0
1466,243,0
1466,244,0
1466,478,0
1466,697,0
1466,698,0
1466,699,0
1466,700,0
1467,242,0
1467,243,0
1467,244,0
1467,479,0
1467,696,0
1468,243,0
1468,244,0
1468,245,0
1468,480,0
1468,923,0
1469,243,0
1469,244,0
1469,245,0
1469,480,0
1469,481,0
1470,243,0
1470,244,0
1470,245,0
1470,246,0
1470,481,0
1470,482,0
1471,244,0
1471,245,0
1471,246,0
1471,481,0
1471,482,0
1471,483,0
1471,484,0
1471,692,0
1471,919,0
1471,920,0
1471,921,0
1472,244,0
1472,245,0
1472,482,0
1472,483,0
1472,485,0
1472,691,0
1472,919,0
1472,920,0
1472,921,0
1473,244,0
1473,245,0
1473,690,0
1473,691,0
1473,921,0
1474,689,0
1474,690,0
1474,691,0
1475,245,0
1475,489,0
1475,688,0
1475,689,0
1475,690,0
1476,489,0
1476,490,0
1476,687,0
1477,246,0
1477,247,0
1477,489,0
1477,490,0
1477,491,0
1477,686,0
1478,247,0
1478,491,0
1478,492,0
1478,685,0
1478,686,0
1478,918,0
1478,919,0
1479,247,0
1479,492,0
1479,493,0
1479,684,0
1479,685,0
1479,686,0
1479,918,0
1479,919,0
1480,493,0
1480,494,0
1480,683,0
1480,685,0
1480,917,0
1480,918,0
1480,919,0
1481,247,0
1481,495,0
1481,917,0
1481,918,0
1482,247,0
1482,495,0
1482,496,0
1482,681,0
1482,917,0
1482,918,0
1483,247,0
1483,495,0
1483,496,0
1483,497,0
1483,917,0
1483,918,0
1484,247,0
1484,495,0
1484,496,0
1484,497,0
1484,498,0
1484,680,0
1484,681,0
1484,916,0
1484,917,0
1485,495,0
1485,496,0
1485,497,0
1485,498,0
1485,499,0
1485,679,0
1485,680,0
1485,681,0
1485,916,0
1485,917,0
1486,248,0
1486,496,0
1486,497,0
1486,498,0
1486,499,0
1486,500,0
1486,679,0
1486,680,0
1486,916,0
1487,248,0
1487,498,0
1487,499,0
1487,500,0
1487,501,0
1487,678,0
1487,915,0
1487,916,0
1488,249,0
1488,500,0
1488,501,0
1488,502,0
1488,676,0
1488,915,0
1488,916,0
1489,502,0
1489,503,0
1489,504,0
1489,674,0
1489,675,0
1489,915,0
1490,504,0
1490,505,0
1490,506,0
1490,672,0
1490,673,0
1490,914,0
1490,915,0
1491,251,0
1491,505,0
1491,506,0
1491,507,0
1491,508,0
1491,670,0
1491,671,0
1491,672,0
1491,914,0
1491,915,0
1492,252,0
1492,507,0
1492,508,0
1492,509,0
1492,668,0
1492,669,0
1492,670,0
1492,913,0
1492,914,0
1493,252,0
1493,253,0
1493,254,0
1493,508,0
1493,509,0
1493,510,0
1493,511,0
1493,667,0
1493,668,0
1493,669,0
1493,913,0
1493,914,0
1494,253,0
1494,254,0
1494,510,0
1494,511,0
1494,512,0
1494,665,0
1494,666,0
1494,667,0
1494,913,0
1494,914,0
1495,253,0
1495,254,0
1495,511,0
1495,512,0
1495,513,0
1495,514,0
1495,664,0
1495,665,0
1495,666,0
1495,912,0
1495,913,0
1495,914,0
1496,513,0
1496,514,0
1496,515,0
1496,662,0
1496,663,0
1496,664,0
1496,665,0
1496,912,0
1496,913,0
1497,254,0
1497,514,0
1497,515,0
1497,516,0
1497,517,0
1497,661,0
1497,662,0
1497,663,0
1497,664,0
1497,911,0
1497,912,0
1497,913,0
1498,254,0
1498,515,0
1498,516,0
1498,517,0
1498,518,0
1498,660,0
1498,661,0
1498,662,0
1498,663,0
1498,913,0
1499,516,0
1499,517,0
1499,518,0
1499,519,0
1499,520,0
1499,659,0
1499,660,0
1499,661,0
1500,517,0
1500,518,0
1500,519,0
1500,520,0
1500,521,0
1500,658,0
1500,659,0
1500,660,0
1501,257,0
1501,258,0
1501,519,0
1501,520,0
1501,521,0
1501,522,0
1501,657,0
1501,658,0
1501,659,0
1502,257,0
1502,258,0
1502,520,0
1502,521,0
1502,522,0
1502,523,0
1502,654,0
1502,655,0
1502,656,0
1502,657,0
1502,658,0
1503,521,0
1503,522,0
1503,523,0
1503,524,0
1503,650,0
1503,656,0
1503,657,0
1503,911,0
1503,912,0
1504,258,0
1504,522,0
1504,523,0
1504,524,0
1504,526,0
1504,646,0
1504,647,0
1504,648,0
1504,649,0
1504,650,0
1504,656,0
1504,911,0
1505,528,0
1505,643,0
1505,644,0
1505,645,0
1505,646,0
1505,648,0
1505,649,0
1506,528,0
1506,529,0
1506,530,0
1506,640,0
1506,641,0
1506,642,0
1506,907,0
1506,908,0
1506,909,0
1506,910,0
1507,528,0
1507,530,0
1507,531,0
1507,532,0
1507,637,0
1507,638,0
1507,639,0
1507,640,0
1507,908,0
1507,909,0
1508,260,0
1508,533,0
1508,534,0
1508,635,0
1508,636,0
1508,637,0
1508,638,0
1508,639,0
1508,908,0
1508,909,0
1509,260,0
1509,534,0
1509,535,0
1509,536,0
1509,537,0
1509,634,0
1509,635,0
1509,636,0
1509,638,0
1509,908,0
1510,260,0
1510,534,0
1510,535,0
1510,537,0
1510,538,0
1510,632,0
1510,633,0
1510,908,0
1511,631,0
1511,632,0
1512,906,0
1512,907,0
1513,544,0
1513,626,0
1513,627,0
1513,906,0
1514,262,0
1514,545,0
1514,546,0
1514,623,0
1514,624,0
1514,625,0
1514,626,0
1514,906,0
1515,545,0
1515,546,0
1515,548,0
1515,620,0
1515,621,0
1515,622,0
1515,623,0
1515,624,0
1515,625,0
1515,626,0
1516,550,0
1516,551,0
1516,617,0
1516,618,0
1516,619,0
1516,620,0
1516,621,0
1516,622,0
1516,623,0
1516,624,0
1516,905,0
1517,551,0
1517,552,0
1517,553,0
1517,554,0
1517,613,0
1517,614,0
1517,616,0
1517,617,0
1517,618,0
1517,619,0
1517,620,0
1517,621,0
1517,622,0
1518,264,0
1518,265,0
1518,266,0
1518,267,0
1518,553,0
1518,554,0
1518,555,0
1518,556,0
1518,557,0
1518,606,0
1518,607,0
1518,608,0
1518,609,0
1518,618,0
1518,619,0
1518,620,0
1519,265,0
1519,266,0
1519,267,0
1519,553,0
1519,554,0
1519,555,0
1519,556,0
1519,557,0
1519,558,0
1519,559,0
1519,560,0
1519,561,0
1519,562,0
1519,603,0
1519,604,0
1519,605,0
1519,606,0
1519,607,0
1519,608,0
1519,609,0
1519,618,0
1519,902,0
1519,903,0
1520,265,0
1520,266,0
1520,267,0
1520,553,0
1520,554,0
1520,555,0
1520,556,0
1520,557,0
1520,558,0
1520,559,0
1520,560,0
1520,561,0
1520,562,0
1520,563,0
1520,564,0
1520,565,0
1520,566,0
1520,567,0
1520,568,0
1520,569,0
1520,598,0
1520,599,0
1520,600,0
1520,601,0
1520,602,0
1520,603,0
1520,604,0
1520,605,0
1520,606,0
1520,607,0
1520,608,0
1520,902,0
1520,903,0
1521,266,0
1521,267,0
1521,268,0
1521,557,0
1521,558,0
1521,559,0
1521,560,0
1521,561,0
1521,562,0
1521,563,0
1521,564,0
1521,565,0
1521,566,0
1521,567,0
1521,573,0
1521,574,0
1521,575,0
1521,576,0
1521,578,0
1521,579,0
1521,580,0
1521,581,0
1521,582,0
1521,584,0
1521,585,0
1521,586,0
1521,587,0
1521,588,0
1521,589,0
1521,590,0
1521,591,0
1521,592,0
1521,594,0
1521,595,0
1521,596,0
1521,597,0
1521,598,0
1521,599,0
1521,600,0
1521,601,0
1521,902,0
1522,266,0
1522,267,0
1522,268,0
1522,562,0
1522,563,0
1522,564,0
1522,565,0
1522,566,0
1522,567,0
1522,573,0
1522,587,0
1522,588,0
1522,589,0
1522,590,0
1522,596,0
1522,597,0
1522,598,0
1522,599,0
1522,902,0
1523,267,0
1523,268,0
1523,269,0
1523,589,0
1523,590,0
1523,596,0
1523,597,0
1524,268,0
1524,269,0
1524,901,0
1525,268,0
1525,269,0
1525,901,0
1526,269,0
1526,270,0
1527,269,0
1527,270,0
1528,270,0
1528,271,0
1528,897,0
1528,898,0
1528,899,0
1529,270,0
1529,271,0
1529,897,0
1529,898,0
1529,899,0
1530,271,0
1530,272,0
1530,897,0
1530,898,0
1531,271,0
1531,272,0
1531,897,0
1532,272,0
1532,273,0
1533,272,0
1533,273,0
1534,273,0
1534,274,0
1534,893,0
1534,894,0
1534,895,0
1535,273,0
1535,274,0
1535,893,0
1535,894,0
1536,274,0
1536,275,0
1536,893,0
1536,894,0
1537,274,0
1537,275,0
1537,893,0
1538,275,0
1538,276,0
1538,893,0
1539,275,0
1539,276,0
1539,277,0
1539,889,0
1539,890,0
1539,891,0
1539,892,0
1540,275,0
1540,276,0
1540,889,0
1540,890,0
1540,891,0
1540,892,0
1541,275,0
1541,276,0
1541,889,0
1541,890,0
1541,891,0
1542,275,0
1542,889,0
1542,890,0
1543,276,0
1543,889,0
1544,889,0
1545,277,0
1546,278,0
1548,280,0
1548,281,0
1552,283,0
1552,284,0
1552,885,0
1553,283,0
1553,884,0
1554,284,0
1554,883,0
1554,884,0
1555,284,0
1555,883,0
1556,285,0
1556,286,0
1557,286,0
1557,287,0
1558,287,0
1558,879,0
1558,880,0
1558,881,0
1559,288,0
1559,289,0
1559,290,0
1559,879,0
1559,880,0
1559,881,0
1560,289,0
1560,290,0
1560,879,0
1560,880,0
1561,879,0
1564,292,0
1564,293,0
1564,873,0
1564,874,0
1564,875,0
1564,876,0
1565,292,0
1565,293,0
1565,873,0
1565,874,0
1565,875,0
1566,873,0
1566,874,0
1566,875,0
1567,293,0
1567,873,0
1567,874,0
1568,872,0
1568,873,0
1568,874,0
1569,872,0
1569,873,0
1570,872,0
1570,873,0
1571,296,0
1571,872,0
1572,297,0
1572,871,0
1572,872,0
1573,871,0
1574,299,0
1574,300,0
1574,301,0
1574,871,0
1575,300,0
1575,301,0
1575,870,0
1576,870,0
1577,301,0
1577,869,0
1578,869,0
1579,868,0
1579,869,0
1580,303,0
1580,868,0
1581,867,0
1581,868,0
1582,304,0
1582,305,0
1582,306,0
1582,867,0
1583,305,0
1583,306,0
1583,866,0
1584,305,0
1584,306,0
1584,307,0
1584,865,0
1585,306,0
1585,307,0
1586,307,0
1586,308,0
1587,307,0
1587,308,0
1587,863,0
1588,308,0
1588,309,0
1588,862,0
1589,309,0
1589,310,0
1589,861,0
1590,310,0
1590,311,0
1590,860,0
1591,311,0
1591,312,0
1591,313,0
1591,859,0
1592,312,0
1592,313,0
1592,314,0
1592,315,0
1592,858,0
1593,314,0
1593,315,0
1593,316,0
1593,317,0
1593,318,0
1593,319,0
1593,857,0
1594,316,0
1594,317,0
1594,318,0
1594,856,0
1595,318,0
1595,319,0
1595,854,0
1595,855,0
1596,319,0
1596,853,0
1596,854,0
1597,320,0
1597,852,0
1597,853,0
1598,321,0
1598,852,0
1598,853,0
1599,852,0
1600,852,0
1601,850,0
1601,851,0
1602,850,0
1603,324,0
1603,325,0
1603,326,0
1603,327,0
1604,324,0
1604,325,0
1604,326,0
1604,327,0
1604,846,0
1604,847,0
1604,848,0
1605,326,0
1605,327,0
1605,328,0
1605,846,0
1605,847,0
1605,848,0
1606,328,0
1606,329,0
1606,846,0
1606,847,0
1607,330,0
1607,846,0
1608,331,0
1608,846,0
1610,843,0
1610,844,0
1611,335,0
1611,843,0
1612,337,0
1613,338,0
1614,340,0
1614,341,0
1614,836,0
1614,837,0
1614,838,0
1614,839,0
1614,840,0
1615,341,0
1615,342,0
1615,343,0
1615,344,0
1615,836,0
1615,837,0
1615,838,0
1615,839,0
1616,342,0
1616,343,0
1616,344,0
1616,345,0
1616,835,0
1616,836,0
1616,837,0
1616,838,0
1617,344,0
1617,345,0
1617,346,0
1617,834,0
1617,835,0
1617,836,0
1617,837,0
1618,345,0
1618,346,0
1618,833,0
1618,834,0
1618,835,0
1618,836,0
1619,346,0
1619,347,0
1619,348,0
1619,349,0
1619,350,0
1619,831,0
1619,832,0
1619,833,0
1619,834,0
1620,347,0
1620,348,0
1620,349,0
1620,350,0
1620,831,0
1620,832,0
1620,833,0
1621,348,0
1621,349,0
1621,350,0
1621,351,0
1621,831,0
1621,832,0
1622,349,0
1622,350,0
1622,351,0
1622,831,0
1623,350,0
1623,351,0
1623,352,0
1624,352,0
1624,353,0
1625,353,0
1625,354,0
1625,355,0
1626,354,0
1626,826,0
1626,827,0
1626,828,0
1626,829,0
1627,355,0
1627,826,0
1627,827,0
1627,828,0
1628,826,0
1628,827,0
1629,357,0
1629,358,0
1629,359,0
1629,826,0
1630,358,0
1630,825,0
1631,359,0
1634,821,0
1634,822,0
1635,363,0
1635,364,0
1635,818,0
1635,819,0
1635,820,0
1636,365,0
1636,818,0
1637,367,0
1637,368,0
1637,369,0
1637,370,0
1637,371,0
1638,369,0
1638,370,0
1638,371,0
1638,815,0
1638,816,0
1639,370,0
1639,815,0
1640,371,0
1640,814,0
1641,811,0
1641,812,0
1641,813,0
1642,373,0
1642,374,0
1642,375,0
1642,376,0
1642,811,0
1642,812,0
1643,373,0
1643,374,0
1643,375,0
1643,376,0
1643,377,0
1643,811,0
1644,374,0
1644,375,0
1644,376,0
1644,377,0
1644,378,0
1645,375,0
1645,376,0
1645,377,0
1645,378,0
1645,379,0
1645,810,0
1646,377,0
1646,378,0
1646,379,0
1646,380,0
1646,806,0
1646,807,0
1646,808,0
1646,809,0
1647,379,0
1647,380,0
1647,381,0
1647,806,0
1647,807,0
1648,380,0
1648,381,0
1648,382,0
1648,796,0
1648,797,0
1649,381,0
1649,382,0
1649,383,0
1649,795,0
1649,796,0
1649,797,0
1649,798,0
1649,799,0
1649,800,0
1649,801,0
1650,382,0
1650,383,0
1650,384,0
1650,793,0
1650,794,0
1650,795,0
1650,796,0
1650,797,0
1650,798,0
1651,383,0
1651,384,0
1651,385,0
1651,792,0
1651,793,0
1651,794,0
1651,795,0
1651,796,0
1652,384,0
1652,385,0
1652,386,0
1652,387,0
1652,791,0
1652,792,0
1652,793,0
1652,794,0
1653,385,0
1653,386,0
1653,387,0
1653,388,0
1653,790,0
1653,791,0
1653,792,0
1654,386,0
1654,387,0
1654,388,0
1654,389,0
1654,789,0
1654,790,0
1654,791,0
1655,387,0
1655,388,0
1655,389,0
1655,390,0
1655,787,0
1655,788,0
1655,789,0
1656,388,0
1656,389,0
1656,390,0
1656,786,0
1656,787,0
1656,788,0
1657,389,0
1657,784,0
1657,785,0
1657,786,0
1657,787,0
1658,390,0
1658,783,0
1658,784,0
1658,785,0
1658,786,0
1659,783,0
1659,784,0
1659,785,0
1660,392,0
1660,393,0
1660,783,0
1660,784,0
1661,783,0
1662,396,0
1662,776,0
1662,777,0
1663,402,0
1663,774,0
1663,775,0
1663,776,0
1663,777,0
1664,399,0
1664,400,0
1664,401,0
1664,402,0
1664,772,0
1664,773,0
1664,774,0
1664,775,0
1665,400,0
1665,401,0
1665,402,0
1665,770,0
1665,771,0
1665,772,0
1665,773,0
1666,401,0
1666,769,0
1666,770,0
1666,771,0
1667,402,0
1667,769,0
1667,770,0
1668,769,0
1669,405,0
1670,766,0
1670,767,0
1672,408,0
1672,409,0
1672,410,0
1672,411,0
1672,412,0
1672,761,0
1672,762,0
1672,763,0
1673,410,0
1673,411,0
1673,412,0
1673,761,0
1674,411,0
1674,412,0
1674,413,0
1674,758,0
1674,759,0
1675,412,0
1675,757,0
1676,413,0
1676,753,0
1676,754,0
1676,755,0
1676,756,0
1677,753,0
1677,754,0
1677,755,0
1678,415,0
1678,416,0
1678,417,0
1678,752,0
1678,753,0
1678,754,0
1679,415,0
1679,416,0
1679,417,0
1679,752,0
1679,753,0
1680,417,0
1680,418,0
1680,751,0
1680,752,0
1681,418,0
1681,419,0
1681,750,0
1682,420,0
1682,748,0
1683,743,0
1683,744,0
1683,745,0
1683,746,0
1683,747,0
1684,422,0
1684,423,0
1684,424,0
1684,743,0
1684,744,0
1684,745,0
1685,424,0
1685,425,0
1685,743,0
1686,426,0
1686,737,0
1686,738,0
1686,739,0
1687,427,0
1687,735,0
1687,736,0
1687,737,0
1688,429,0
1688,733,0
1688,734,0
1688,735,0
1689,431,0
1689,731,0
1689,732,0
1689,733,0
1690,433,0
1690,434,0
1690,435,0
1690,436,0
1690,437,0
1690,731,0
1690,732,0
1691,435,0
1691,436,0
1691,437,0
1691,438,0
1691,731,0
1692,728,0
1692,729,0
1692,730,0
1693,441,0
1693,442,0
1693,443,0
1693,728,0
1694,443,0
1694,444,0
1694,722,0
1694,723,0
1694,724,0
1694,725,0
1694,726,0
1695,445,0
1695,720,0
1695,721,0
1695,722,0
1695,723,0
1695,724,0
1696,716,0
1696,717,0
1696,718,0
1696,719,0
1696,720,0
1697,448,0
1697,716,0
1697,717,0
1698,449,0
1698,450,0
1699,450,0
1699,451,0
1699,452,0
1699,712,0
1700,452,0
1700,453,0
1700,454,0
1700,455,0
1700,708,0
1700,709,0
1700,710,0
1701,454,0
1701,455,0
1701,456,0
1701,707,0
1701,708,0
1702,703,0
1702,704,0
1702,705,0
1702,706,0
1703,459,0
1703,460,0
1703,461,0
1703,462,0
1703,703,0
1703,704,0
1704,461,0
1704,462,0
1704,463,0
1704,464,0
1704,465,0
1704,466,0
1704,467,0
1704,468,0
1704,469,0
1705,463,0
1705,464,0
1705,465,0
1705,466,0
1705,467,0
1705,468,0
1705,469,0
1705,470,0
1705,699,0
1705,700,0
1706,465,0
1706,466,0
1706,467,0
1706,468,0
1706,469,0
1706,470,0
1706,471,0
1706,472,0
1706,699,0
1707,469,0
1707,470,0
1707,471,0
1707,472,0
1707,473,0
1707,474,0
1707,475,0
1707,476,0
1707,477,0
1707,478,0
1708,474,0
1708,475,0
1708,476,0
1708,477,0
1708,478,0
1708,479,0
1709,478,0
1709,479,0
1709,485,0
1709,694,0
1709,695,0
1710,481,0
1710,482,0
1710,483,0
1710,484,0
1711,483,0
1711,484,0
1711,485,0
1712,687,0
1712,688,0
1712,689,0
1712,690,0
1713,488,0
1713,489,0
1713,490,0
1713,491,0
1713,492,0
1713,493,0
1713,687,0
1713,688,0
1714,490,0
1714,491,0
1714,492,0
1714,493,0
1714,494,0
1715,492,0
1715,493,0
1715,494,0
1716,495,0
1716,496,0
1716,497,0
1716,498,0
1716,499,0
1716,670,0
1716,671,0
1716,677,0
1716,678,0
1716,679,0
1716,680,0
1716,681,0
1717,497,0
1717,498,0
1717,499,0
1717,500,0
1717,670,0
1717,671,0
1717,677,0
1718,501,0
1718,502,0
1718,503,0
1718,504,0
1718,670,0
1718,671,0
1719,504,0
1719,505,0
1720,506,0
1720,507,0
1720,508,0
1720,509,0
1720,665,0
1720,666,0
1720,667,0
1721,508,0
1721,509,0
1721,510,0
1721,662,0
1721,663,0
1721,664,0
1721,665,0
1722,510,0
1722,511,0
1722,512,0
1722,513,0
1722,514,0
1722,515,0
1722,658,0
1722,659,0
1722,662,0
1723,514,0
1723,515,0
1723,516,0
1723,653,0
1724,519,0
1724,520,0
1724,521,0
1724,522,0
1724,523,0
1724,524,0
1724,617,0
1724,618,0
1724,619,0
1724,620,0
1724,621,0
1724,622,0
1724,623,0
1725,522,0
1725,525,0
1725,540,0
1725,542,0
1725,544,0
1725,546,0
1725,547,0
1725,548,0
1725,610,0
1725,611,0
1725,612,0
1725,613,0
1725,614,0
1725,615,0
1725,616,0
1725,617,0
1725,618,0
1725,619,0
1725,620,0
1725,621,0
1725,622,0
1725,623,0
1725,624,0
1725,634,0
1725,635,0
1725,636,0
1725,637,0
1725,638,0
1725,639,0
1725,640,0
1725,641,0
1725,642,0
1725,643,0
1725,644,0
1725,645,0
1725,646,0
1725,647,0
1725,648,0
1725,649,0
1726,552,0
1726,553,0
1726,554,0
1726,555,0
1726,556,0
1726,557,0
1726,558,0
1726,559,0
1726,560,0
1726,561,0
1726,562,0
1726,563,0
1726,603,0
1726,604,0
1726,610,0
1726,611,0
1726,612,0
1726,613,0
1726,614,0
1726,615,0
1726,616,0
1726,617,0
1726,618,0
1726,620,0
1726,621,0
1726,622,0
1726,623,0
1726,624,0
1726,634,0
1726,635,0
1726,636,0
1726,637,0
1726,638,0
1726,639,0
1726,640,0
1726,641,0
1726,644,0
1727,555,0
1727,556,0
1727,557,0
1727,558,0
1727,559,0
1727,560,0
1727,561,0
1727,562,0
1727,563,0
1727,564,0
1727,565,0
1727,566,0
1727,567,0
1727,568,0
1727,569,0
1727,570,0
1727,571,0
1727,601,0
1727,602,0
1727,603,0
1727,604,0
1727,605,0
1727,606,0
1727,607,0
1727,608,0
1727,609,0
1727,612,0
1727,626,0
1727,627,0
1727,628,0
1727,634,0
1727,635,0
1728,562,0
1728,563,0
1728,564,0
1728,565,0
1728,566,0
1728,567,0
1728,568,0
1728,569,0
1728,570,0
1728,571,0
1728,572,0
1728,584,0
1728,585,0
1728,599,0
1728,600,0
1728,601,0
1728,602,0
1728,628,0
1728,629,0
1728,630,0
1729,582,0
1729,585,0
1729,587,0
1729,594,0
